1002
72946
110
133036
90
900066
444299
422574
694755
661125
4029
70387
397115
376949
446964
78134
205882
795443
795834
113603
817008
878436
844838
210528
873961
299014
806954
930702
589771
736514
805945
980205
461459
732631
311507
236735
32742
934902
274222
816069
77143
618797
669763
446149
296436
706235
821042
184237
183949
52738
645842
351890
249154
939738
918105
557585
907912
528705
801189
959830
522168
444657
813157
139515
627731
470602
531494
971784
361878
182191
234878
425689
698358
512557
899471
618909
52921
135572
293368
197434
569713
164778
713566
197006
128021
322229
843794
612113
589501
575607
953759
215766
204858
383159
100339
237872
504399
384825
701416
61873
641360
825359
771437
838990
372118
505672
342485
86558
201373
37063
258044
997441
502010
338416
379538
40990
75003
897339
941445
280324
508637
978410
565455
746226
843748
612311
400921
836338
399899
217575
435594
380063
901352
486427
317425
215112
235211
448709
490315
620589
19187
692631
608369
878438
11261
781078
703137
981667
812938
13678
267303
298574
553659
164320
191975
368717
904908
929559
263306
166691
599690
937560
700675
389046
812146
304278
941117
12651
303272
371045
425699
538285
957648
898567
2187
412173
888781
899491
624704
882628
762260
926035
586794
309587
314924
336476
103324
756235
197892
878969
54522
753385
204720
584976
205701
425113
20994
182534
403141
300635
30273
68846
169618
70083
292937
266332
454078
845978
704382
997592
106402
251235
295790
552302
112772
810936
944771
550755
695714
580242
402529
40450
645277
474022
54498
257748
660357
958509
305899
556397
916157
296317
31787
753315
720907
360787
934896
870234
454078
679410
746789
84667
914044
512996
99628
914627
947559
233951
52180
567159
787116
165315
820599
791478
943400
54912
378483
562534
486582
702805
484419
747344
668569
387955
910073
279048
112067
918784
586330
107717
544064
161335
694102
19151
239554
776940
159970
744982
480073
927597
504756
210718
577903
488516
636378
864920
755853
70554
532088
435853
496462
282422
655772
451251
115726
998882
177536
981730
59566
477102
961947
906528
773495
998350
592612
279000
160616
808030
986852
807658
68509
723718
298102
88732
364318
853945
656798
895725
982786
345495
173572
848202
245502
585651
518092
298010
453391
903854
347410
383348
728447
73538
776071
628144
161878
114459
180131
616795
744737
908831
849350
98756
808920
956303
914287
981043
367982
395653
920215
927225
140154
311069
198507
361955
679229
421105
280613
511880
989519
288572
122822
702978
189547
640736
920818
350777
556947
393154
484967
374107
154017
426451
313115
17320
327724
611178
649586
677865
30803
124941
555865
161024
116265
797199
762306
539547
291645
598035
487484
159682
149252
941358
622254
267792
762086
331691
445743
364991
950498
117928
220357
131548
779870
234141
756665
929817
921743
315261
849555
915777
713345
453172
995576
248262
871363
877201
740188
270838
27955
375486
920165
467020
247393
24490
834206
17059
728739
806151
80788
434438
738997
395183
487249
919970
476554
289122
706354
902493
624051
554346
825959
597759
440363
226271
599687
955278
305725
16839
431822
499833
862674
47893
58612
238698
123035
559442
624618
135294
870679
736089
77044
883665
990913
242876
272542
963570
693850
328581
666460
114486
519246
148694
582914
947880
82502
685682
922652
625374
168905
276372
899627
157991
925775
121533
457533
477984
345444
8140
359015
131238
375093
370181
787042
483749
978939
661556
353792
369679
323009
896618
251593
53289
115347
989862
610422
760703
519749
391952
105417
760248
490333
914974
133511
758532
467742
692825
746835
815729
412914
470010
175529
595037
79027
702894
850291
517830
398806
854777
254091
834109
441844
156534
716110
874617
932406
133437
167001
356424
273757
303709
293027
299425
632812
499080
653047
1108
856306
97358
612556
916322
908408
589506
839939
917609
52995
251641
667388
303942
980976
283284
358593
674983
66765
498431
479212
115052
956798
80639
696136
154626
590334
662655
404892
867370
413110
550542
168284
732224
48192
271163
111735
778985
46726
218889
590093
69977
503945
61135
431486
177663
505662
727471
951070
518669
211346
31536
852164
327143
319951
457083
235522
827495
600023
509551
139950
87371
259660
938849
434271
909308
626642
22451
914292
506619
693100
367823
694414
381482
390915
579073
673757
270261
85061
346863
821720
280731
59434
437557
86470
55901
275026
939169
389626
844545
241419
427080
522460
560323
923694
905475
514529
400793
311400
295818
371996
271970
819222
269802
712302
378986
848970
211942
748185
524572
148203
734504
78195
83205
461113
815586
603702
812609
229805
455238
252404
276676
938878
642782
21352
106375
362688
224264
260327
59148
180263
677010
786229
820240
649514
156334
107187
562445
604099
491922
818038
831849
879634
917935
465652
185790
957793
668299
157016
193735
692611
969533
476405
130723
870485
317701
460246
190601
446310
220549
463347
473033
960883
75424
206593
25659
256459
413678
871713
943238
11665
137625
256824
908814
900576
821719
475166
666299
361609
921796
965871
354979
438519
590874
825472
366355
910516
518096
717164
147647
718276
393869
834188
412291
927087
257416
869892
739797
446941
201982
651898
656074
373465
176974
673762
792449
546936
940212
627765
905584
633043
215072
149440
280329
805999
977650
887577
411080
436414
666773
576620
836508
724094
448885
412915
46447
873152
3806
867204
952980
904643
45427
385988
554380
604671
904263
799033
668533
67773
452955
126846
135120
576611
135541
775375
78509
414862
806745
624196
13301
127640
313958
116187
656596
548409
25360
866094
743937
802825
280566
238723
657771
853603
200608
683458
112770
828966
445910
101441
866975
67797
33951
71739
181520
834782
920405
789024
525380
916536
669601
301830
724303
243493
609817
408957
248667
565399
411187
150464
63084
245359
935588
878470
927438
10528
995929
940728
149469
610994
127697
782206
380209
968419
940053
556019
495716
634536
424213
459895
19265
296465
97633
521698
234634
507274
325440
760469
655142
980541
634353
30381
454629
835349
277819
768657
343666
927454
432883
876907
404884
862280
999754
370356
391776
266
54864
490471
477183
897572
519561
708567
11160
692476
302186
984412
790361
658730
477361
647081
132583
356495
668766
510969
992480
905120
476817
56616
155593
368449
660225
838942
521881
769996
613974
759654
615393
828720
48228
696349
664598
5046
509253
532613
618941
601759
854546
352825
947377
939882
951486
352315
488980
126578
691983
510569
914128
439027
132089
559503
108233
847725
938968
879637
399201
410121
494297
709607
259960
974886
108824
959901
605827
259037
280261
396324
832733
753453
497020
987334
118317
959484
108432
589536
994248
783831
710528
254698
491251
146502
915337
133028
718150
284043
252245
321375
899691
485175
750865
568358
900166
119530
963292
78535
915759
374501
957659
704065
198362
628877
92201
89867
313048
618495
99500
191039
385590
513418
866307
643490
514563
933005
292635
773200
133744
662190
547105
73224
706447
324212