1000
27536
924
25537
-20249
-1554
-21051
17395
20203
16384
-12259
-28229
28368
-16644
-26287
16764
19939
-3990
-2375
15661
24232
-7272
-21170
-14723
3352
-20304
6535
13807
-6781
-16666
-10165
1748
-10318
19519
11296
7709
-8404
-22093
11570
-18385
-12557
-3981
-16373
-8158
-28855
-3803
22040
-27034
16315
9854
-22071
3928
13549
-20356
27705
14862
-18948
-3055
-8956
4400
-28613
20643
-18325
29459
-18933
11638
11569
-2795
1198
26600
-19741
-3109
-9412
7365
-2462
12547
19625
-8397
19192
29220
-22847
6506
-28493
-24996
3991
-21531
26054
10797
-17768
-7865
-11454
8977
12236
89
-4763
23877
16547
22131
7779
-25046
14795
21348
8690
13241
-23184
22669
3498
29038
26103
3323
-26674
19476
2609
-18500
22184
-9553
-24064
16184
-28512
26685
-10056
10081
10339
-27259
-8054
-15518
-24203
-17778
-6204
1901
-9438
-14624
-18634
-7246
6532
7963
17948
-8258
-11431
-24914
8496
-25416
-10087
5033
11304
-4312
-13565
18803
-6740
13157
-14087
7929
21536
4935
15668
-24529
14289
-22434
12005
-10255
17037
-13439
5045
-19067
6791
25033
15817
4680
-8195
25206
-19280
-4527
11706
8436
-10662
-1330
6313
17733
16110
2128
-4564
26092
9607
-14370
-29787
5409
-8807
-2753
5797
14222
1604
1351
-4042
-24571
-5908
787
5067
-3900
24271
16322
-27813
-3783
12743
-16343
-23736
-29708
4325
-28546
2596
-26890
6500
17857
8082
-19662
22560
12809
18366
23854
19464
-19577
-17532
4734
19811
-25994
10828
-25529
7277
-4091
-27567
-285
21207
-29462
27093
17679
22343
-25841
-26443
-18972
-26754
23856
-9715
965
-17508
-19213
-7537
25065
-10622
-25701
29293
-2878
-29234
-13333
-1606
-7381
22506
-2748
25166
-26125
-25687
-6590
29610
15654
11964
2250
-24510
529
-18786
-8711
-1226
-19181
-29428
18152
-7655
13236
1497
16008
-5064
-17031
-14997
-5176
-5320
-26874
-2189
-6974
-7115
-18191
-5188
-17576
23283
7961
-10665
-7394
-21060
-8028
-25610
-26565
-28898
28875
-15524
16451
-5897
-13878
10899
-25076
24463
18203
4973
19150
-17490
9964
-15866
8781
432
24755
29805
-8045
-4200
-21232
-26786
-14545
17489
22437
19641
-4686
-12651
-3319
14530
26066
-25131
19974
-23136
4017
27020
-8202
-15535
8551
6614
27764
-3367
6088
20372
13200
-24636
-24619
2709
7088
-760
16960
-13187
17834
-14178
-13509
6444
-19407
-28876
-9301
-22062
-28392
-27225
19750
4811
2424
25156
22140
-13132
-14373
10627
-14990
-4132
10817
-10319
-7516
-8382
28157
7783
-24997
-16691
-28388
-22579
-16935
-13193
11819
-1403
-14022
12063
-14252
16183
-22386
26459
-6263
-10449
-15310
-18596
-20287
12114
-12550
-24736
28192
-23430
-117
-12458
-24530
-8300
14616
-11206
-23154
-18457
9792
-4620
-2847
12422
26083
5756
-13008
24287
-5607
-15264
-22170
8584
-10155
-24166
25360
6934
-7068
-20278
15938
9079
-2794
23734
-29798
-9325
-14768
26099
24781
23414
4742
8191
1736
8
21654
29482
25709
-9638
-13222
-26975
23612
10587
-2861
-9125
16691
-12654
-27060
834
26586
-9645
-27384
-13324
-2722
9003
-26128
-10590
-14758
-6975
-23854
2893
26788
-28672
17862
-26570
-22971
-24481
-8525
10631
-10085
6584
-1237
26010
-29228
-7095
-25175
3926
17407
7003
29443
26508
-28241
13443
12845
-24143
-25209
-1961
-8801
29864
-8875
14508
27052
-24998
-10921
-29040
4935
-8570
21023
4420
-20574
10515
-20131
18895
22667
-3331
-26428
-10546
-23605
-3233
-15646
-20561
1160
1245
28392
-8155
-6104
-10682
8522
-15069
-27410
-25222
29355
-4547
19804
19424
4406
1169
-209
20733
24087
27454
-27409
-20595
26519
-8354
6388
29426
-21404
-23765
-3265
3070
19531
-26936
-24811
-26238
-28716
-6631
13715
-573
19750
-450
-6728
12890
-16050
-15894
9148
28830
-13650
-8761
14240
-6188
-19698
25123
-21889
6451
-16957
22341
9199
-10553
-8137
17017
-3701
24157
15810
-26652
21183
21036
-25826
-7896
-20780
-13419
-18651
-18202
1908
12164
-17931
-22533
-1066
24605
-12738
7629
9466
22883
-13182
12953
19187
1709
-6745
-3784
10835
26467
-13762
-17154
6673
-11143
-6984
16649
-17413
-14694
12583
-3670
-13679
-18313
20772
29351
27519
24018
-22617
-19769
-2790
9062
-18429
18690
-27113
-25325
-24234
-7810
-5530
21127
-13122
6648
2771
-17503
-2827
12440
25359
-15779
-19852
24840
-14677
18537
17499
-26792
-20664
3457
29455
3389
8394
25732
11324
18077
-24199
1185
-5639
-15146
22925
22672
-23901
16324
-22171
-9694
-17768
-7254
-13919
27652
6684
23381
-16204
-23670
20758
13220
-6881
4831
22141
-14496
-22481
17905
-19144
-4988
-13417
1310
-26989
-25756
-28779
-6331
29061
-23669
-22592
-2178
-12947
-7352
-18459
-2563
-8592
16707
17196
18915
-20015
-16749
2517
23546
-1639
-767
21625
-26196
17777
-23921
17832
21811
-5640
-4540
21135
-13602
-22820
-10687
17504
22155
-25092
22817
-24947
10883
-12078
-18231
15954
28249
19683
4150
-18137
-7292
-17915
14856
-29294
-20129
-24088
-8472
-26405
-9515
-11456
-26714
-5095
15982
23982
18283
11016
26301
-27960
-20121
-12712
-5994
21559
-2925
15503
5656
-27876
5433
-11650
-4970
21441
-19703
25880
13453
-11560
-1987
-25408
-16318
-16541
26265
-17405
-15862
-3351
21843
-23660
587
17619
-28385
14935
14000
-29733
7026
13659
6283
-20079
-15507
-16823
7013
-3359
17326
20428
-9046
10194
26404
3287
1991
-5266
-6293
-13543
-18106
19345
-9163
-22191
-14065
21203
-2901
-8934
-7285
18221
-997
14680
-8510
-9993
8272
5192
-13598
9250
-1250
-20876
20565
-5437
21581
-25353
18301
22011
2259
-6013
-15249
-9976
-8423
101
-7658
3877
-19949
-28588
1128
-26500
28728
24281
-12911
-12127
-15529
-10561
-8989
19225
27712
29566
25760
-462
-20296
4512
20952
-16092
-16369
-20062
-21137
1173
18009
-18480
17140
-23124
-313
19151
10445
-5102
14357
-24214
26449
-19517
-22623
-1238
24276
-14740
17703
1678
9777
19877
-29831
5625
23340
11274
-19465
13196
-18520
22936
-14489
-18435
23426
-12415
-4235
-14943
7996
3905
-2416
14167
3213
-17232
-15102
1464
-29238
24455
-24584
-13037
-27124
-4099
-14649
14472
-2890
-20376
15284
13088
-7041
-29681
-2286
-2664
-1279
23004
-13639
20385
26126
22631
28919
15126
19399
-15888
-14165
-4983
2220
-15868
-2736
8408
-14212
-5107
19427
-19810
19014
-10297
16671
-28691
-5875
-9324
5383
24072
28174
-28194
8076
-1106
-3793
-17027
26013
-20543
11328
-2358
-26079
11037
-16452
-28466
17366
22709
7596
15605
-23253
-25097
16229
-5618
-17741
-29823
-28065
7056
-28762
13658
-14683
23357
-16336
12832
-16654
-13018
-22674
12
27372
17399
9582
-24000
3457
18030
-27806
-20966
-28536
22356
-7253
-22656
-14159
22502
-2997
-10092
-29925
27568
-7483
1623
-23852
