1000
3462
12941
17665
21528
1443
18127
8904
9757
12999
6466
27280
19264
21755
17377
28936
8317
23982
2275
4838
2597
5350
293
13476
648
22980
8483
10433
11564
25893
27907
2711
8701
25573
14815
15164
21329
3807
29853
21922
11094
24383
24812
3210
18123
28328
12205
21990
5272
22593
22652
11787
986
15994
14489
14373
22991
29228
23975
16372
2330
9583
22081
4357
6692
18229
29380
25388
1056
17923
7197
26108
9688
20768
19119
29545
26377
20150
19840
28708
25688
23142
50
15462
11135
18488
4857
26952
4281
13983
25214
5119
1893
8955
17375
19733
12186
5224
2160
19474
28424
500
9250
25386
13414
27486
5742
7071
19838
7818
17679
14967
3345
21745
26809
937
10504
27413
2714
8737
29080
11666
16907
23907
929
1711
25346
17340
3443
10132
3560
2595
17278
24486
3234
783
5236
16926
5726
11954
29
21735
14700
17411
26423
24262
5926
14890
15704
20564
11934
18052
27202
18423
22562
24518
25969
25135
15678
28414
212
15404
10287
24868
181
13884
3455
7984
24119
22290
8162
4118
17195
14066
29852
19996
29327
22473
12493
25788
14996
26938
27562
19492
15322
16035
19336
20427
3850
9822
29335
25598
25775
28371
17610
14393
21746
11307
9679
27121
8145
751
17199
27677
19692
10767
26435
25781
24812
6990
13360
9699
20671
7419
3233
23750
644
4362
6369
27734
9551
10753
7809
28721
22794
28415
3708
14932
29113
1846
9812
1605
23304
24297
17352
10653
28627
17969
9845
13907
24593
6154
502
27188
10318
24586
873
19838
324
7937
8815
6411
16678
23755
1104
28428
13256
12915
21209
24779
17758
25090
14963
26626
19071
2933
8001
9433
517
1276
26598
20874
24852
13423
25424
1362
20805
16043
1909
27072
6719
18394
12792
26143
19696
16481
15208
4208
8573
27074
22582
3089
2564
4402
17616
15482
18714
9093
19711
5222
5318
23877
18601
10654
22920
19810
23636
7953
14664
5107
12648
24176
10151
10923
480
10725
2212
23014
16669
21108
20141
3474
8246
9978
8815
14347
25951
23138
29101
16175
22565
29831
8825
1216
26948
8163
4274
10343
21926
19125
17434
19478
3752
16129
14802
11270
12490
21522
27124
11103
15714
22715
9229
5494
302
19627
14805
27136
5060
21134
21708
5701
920
6160
27619
960
25418
21564
23540
18275
26632
5795
8351
6455
1287
12728
22115
12992
10394
8664
29173
19503
27293
13768
8959
1282
8977
10790
23416
27350
29459
14177
26652
19421
4507
8021
28504
27514
24446
14414
11220
25080
24737
27326
25517
2491
24587
15017
28142
3502
22053
17661
18426
22411
4432
21632
345
12666
28339
322
10861
29201
18160
10113
15215
11801
7026
5594
9547
11953
27509
8269
7941
6443
19586
15146
8182
9157
29206
19656
19479
1298
19678
10917
12632
16711
23984
22103
15822
27186
10265
6800
29799
24772
4687
6848
9051
14879
2978
10100
1025
17450
22564
21613
10090
21329
5793
92
687
26409
4109
7513
23010
12818
9065
13026
3907
1846
7394
1248
4946
606
29302
25286
5019
22227
5875
29955
1523
23377
9022
9766
7965
23640
1309
193
6506
556
27826
20967
25403
15661
15716
23967
2484
16001
491
28026
24542
4268
4792
28881
15833
18898
6863
10551
18093
24867
2098
27357
20315
10421
28299
10293
25429
27424
805
2607
11942
29538
13303
1423
19087
21218
17935
24255
1599
21586
26311
22432
27966
11806
18711
3596
29703
12466
22663
20359
25536
27448
15326
10916
1111
17165
9276
27556
22555
14597
29264
22953
13491
4037
28103
7928
1887
17887
27298
22285
13929
1259
16578
29288
9639
1664
9235
27430
10225
16322
28066
24523
18649
645
11324
6042
7259
21135
11077
1287
12051
20620
7842
24963
2022
2795
23459
27127
25294
29510
21376
972
7589
18799
21359
4231
27821
20229
2416
14098
23129
26966
25989
9541
14972
25486
625
12804
15916
7662
29819
2626
12226
29384
22959
15907
16433
10599
17585
20511
26273
9339
11359
12402
16615
20913
27427
13632
13203
4626
7425
18614
12645
27922
17987
16187
3308
24168
6335
27766
23693
20846
3185
10073
27036
11246
5562
22091
13882
20796
7525
24020
17628
18515
6962
13025
23571
15671
25297
9223
27597
27018
19676
1300
22664
218
26145
25505
14014
15303
25323
20
18098
450
9660
129
17861
4465
29033
15904
14708
2848
10930
27659
13730
18129
27388
11518
28862
23188
24285
29393
5137
17009
23620
14257
7302
11522
17682
25866
11910
25550
3401
23361
16463
28192
26943
18221
26000
12262
8622
22566
8739
7557
24428
26390
600
15882
34
28973
22090
20396
8732
29664
23345
14093
4220
24801
6451
15630
5994
7497
28103
12162
16716
7378
11608
2795
25838
7026
23250
26929
13183
7601
29004
27217
13800
24699
3106
1730
16185
2561
12013
18067
4257
4314
23201
13599
13513
20536
16948
17907
12782
14549
790
21782
23498
3611
28769
5383
28862
13186
15902
8613
2078
23077
16817
24503
4265
19726
19347
10828
13507
22480
1242
972
465
8243
19895
6350
15024
21401
14139
28371
130
12735
28615
4751
16470
4272
10894
27976
17970
4259
12361
4934
21552
20917
13464
26155
25411
23473
23920
16412
19189
26012
485
13005
13678
23501
19861
4635
18675
16873
142
3443
21912
19933
9357
26608
12099
15220
28036
14338
18767
29465
12295
22313
2761
25926
9476
19056
23531
3594
29308
11735
29875
26762
6594
9081
2607
13374
399
9885
29911
14860
23184
25335
8806
25186
13069
29566
6743
5964
2406
24873
27480
7958
15756
9202
25613
20348
26985
21228
11172
28781
6157
21121
13185
16285
2854
17540
9446
29353
19099
27734
19312
12918
12949
2804
16144
22418
3114
19421
10692
18508
24696
913
11714
25376
9371
15620
6032
15562
24139
26850
19635
12604
26132
1837
10499
7371
28611
17442
18375
18243
11370
1130
23714
10218
16881
27788
10089
7970
11786
17023
22639
28632
21598
25070
17616
20730
23320
8932
16326
7894
24478
9030
15163
29389
9208
24144
10508
22550
9263
20823
5974
527
17795
29774
27825
9262
12488
26117
6533
29317
17470
12363
4748
6964
27292
13684
9878
632
7273
27941
11683
29794
16486
23900
7009
17459
4475
21341
15794
10355
21933
14567
17144
29681
4984
20550
26400
29028
22495
29505
5609
21135
9917
6851
21919
19779
27079
