1000
31621358
84404239
32672626
36570093
3173852
73037130
42314334
95782657
73838548
93728203
10125989
22437149
20592188
11682152
27723466
74599699
52627293
97414398
78458706
49075227
48801635
91614540
64116114
66994483
92847744
39517550
86544292
88387889
35012145
7731955
83459699
47912551
28340889
87172254
63085814
64086257
44833801
50384822
21913722
32311453
38746273
34981642
68479767
50924664
7001103
19131781
8379716
90804465
87961462
669033
39512455
69570732
58398315
3934251
59942469
3049702
87365657
88485099
1201847
97510016
9291908
78311311
17075965
44143530
30980842
15711867
22157901
28406317
99286598
69017071
19213892
65827668
90910446
62930940
52875869
56726904
85077340
56962852
51741055
65409063
58177033
43301005
62916528
47764977
14999413
57425378
77275368
94156238
83991620
44824519
70055680
23814703
35494786
29092598
78457289
93248415
2894343
41132795
55177017
33283862
5032438
88488072
36017857
43362011
35149151
57415798
40675770
35309586
10761988
71037785
69167101
5841641
69945657
4323774
2599057
17681499
22213092
28448259
55854975
68365472
39765668
44134099
62043442
73596431
97941822
61246555
87158651
21310739
93871217
31303808
17701664
85901949
48061462
81532916
57994212
19529624
64615499
38591090
91397434
70618094
10468663
98311491
21868140
24937002
67850831
68227311
72801
38546717
89863716
56799760
58833166
98091743
8311525
57502786
82067836
94371598
30023033
60371254
46986353
6911282
92059697
61787070
86594881
47611950
99451875
48811813
14368335
24037578
25916644
5147643
64966868
60701397
2250466
97050880
6265236
99597197
6481525
61191044
87858647
57400733
59788494
28153240
93794257
58297794
43710210
84079715
49775036
58906591
49538696
21673616
58005549
73647205
83210660
87715682
61477520
32746576
79564531
99059287
20630276
83452675
95666706
56075075
41286966
10753921
39810783
89454818
98305071
56059660
51863420
19863985
81615403
38996883
62925427
90755434
69765512
66499511
34481395
13575963
56491994
66940539
18226489
94712290
74947099
83382152
35290634
37638471
65803264
4612123
85344092
82785078
49176166
1579660
35964181
13572503
86676715
9820540
60242411
16829068
6195866
16305817
73419114
7437638
92519614
25098768
44755476
41964420
11875799
38169745
7025826
42001066
75624619
93344760
77427561
61999994
52799603
25239965
22917592
30127217
81906230
79084601
25947677
24603840
95520564
574323
15002344
729829
45473656
46042630
593480
7787238
66257041
61593233
33292721
87527210
10393690
46409468
6957598
50021108
99390964
52930177
92434515
382844
19571669
16248158
50144316
21309100
76364794
4629526
32548977
26550132
95263800
10949982
96794587
21996746
81243824
85066923
26851952
77253698
97101153
83433046
81505818
9935429
42543576
3099496
10354869
15086594
59693064
83106615
24385677
41804322
98543486
23735463
40545245
17346019
52029142
65005004
46945395
53275239
25718074
56323812
23546120
32130879
44881976
78479655
8760864
1174825
59283600
63597248
95376682
68299421
512389
28336636
67843123
84010642
46148060
98647855
14276027
62782953
42281218
1684004
66807205
88273786
67219533
25210430
17045063
28945850
78372911
57693602
44066054
78789015
41787220
70150315
34594446
54885082
6524844
51721928
70344160
4560941
42960244
37993558
24627728
39470253
47346272
67659623
56192386
89341575
3390071
33424777
74856276
41940259
63357579
81287873
48864618
2151518
23753044
93980055
71547927
82812655
17073961
54796107
29275236
53063403
82264410
34112549
75072513
59565155
24436524
34914282
8870342
91341099
64655218
55783274
13455332
74802102
8709572
64453431
12070316
34761757
5856863
46469488
17842428
89461310
74072729
8375227
46164802
78328065
12839167
36990545
97318958
23388854
12963085
688434
60794616
61104282
33639560
30008954
10564683
15841401
51118204
1916108
24126669
48842349
17548750
75369450
11771844
9597309
25814375
50493574
543232
83785337
58401907
85616276
76017911
12441632
56718837
17095963
21059921
81934840
95913267
958420
79167023
23105820
91288628
85731849
32022644
6685357
3137312
95105214
99826543
62185905
71308265
24504535
92614043
6635098
23487867
58987003
9419742
25276859
7872898
47339156
33857627
28582552
49315314
26475350
99325304
8234127
10943327
8641809
58703451
97342829
45713379
13647052
19944589
62850972
22992816
23459523
28152628
86682072
22333401
41002205
54498575
11596622
32846063
56097854
22269607
74418815
99029819
57133304
45622293
45717822
28159127
68266977
25404266
16213971
85519337
88918143
10370494
52409922
67434557
62907608
77842598
29648766
64691207
99011959
59401398
50030545
72635840
89211963
10503017
42008975
46257045
98316595
57669814
72287965
92451353
93972484
56681845
56384489
68922337
33071282
38134625
71729090
4027987
84819726
96466238
96132564
51301014
38868412
81744407
24613119
34607017
4060640
41607073
88224340
18409104
35941
15139772
18331244
17041576
16398313
58021911
79764068
91239496
82957810
97649016
20727152
63456964
65380351
91948091
39197134
76443234
39978096
10357745
82487924
32786569
32763358
42825062
81901299
84257977
23667759
95865766
75360131
28890552
28964138
83331020
79544337
37938451
68842879
64010995
84793221
99109677
21121206
9571396
57302503
6255830
83459271
53472284
29165122
23004805
4492744
27049693
74112932
44550709
3133121
75406158
19832131
32508122
2105243
77956272
77186746
28009343
80089655
33488222
74158192
17457406
4422300
79665183
70100506
42258523
25833288
3854348
71428541
27360935
65603864
46765176
1693193
33051042
58035265
20275298
62876700
46710094
49774162
96566924
61767589
7293637
98438994
70930980
91037086
60053522
62566285
89819983
43698533
36859462
14163772
10798477
63194747
9335207
80216787
68160058
70796759
26681864
80600296
75285040
2814952
21627444
41455291
38893962
5909030
36177284
84831334
89437828
66403668
94431632
96810146
73448830
69381972
17768194
91336499
94953759
26167206
42867078
44845297
84534934
40241791
36398557
58667637
84514300
66869122
41999633
71127644
78632150
80941251
72770363
62721206
96224643
14928800
26971167
52774912
31329089
71708914
80641215
57186506
15492479
99751763
11492417
36755421
35850198
74876028
40890021
85769433
85915080
23212347
51360466
2450804
1865696
30418307
20294459
33418722
8302439
54008622
99895121
77461440
33113469
53209785
34994060
37774689
30639919
10917689
55092159
26984814
43385456
30822528
13022298
30731508
1724505
83991458
18315790
48112830
92714806
1901916
60807668
82481112
54698101
22867746
90339021
48183966
73845178
69535172
88816996
64481663
10127376
33361596
42442000
3785812
1475641
2664726
99494741
30608215
15971110
86301692
8455338
42200001
28460930
59104477
70993238
85656324
77542248
10623034
24275362
59572022
65678349
30791189
8456872
76262265
41382614
41479300
11285707
81524743
71297603
58038436
94543133
67041580
57568379
42648694
98132076
98447100
90466055
82043063
35621688
70290376
21238621
50899622
59257934
68450475
89182731
95697380
14695429
94101828
75981180
77192819
7250452
69003390
59852394
98261217
56504335
12734346
2120673
62108286
3576956
46609902
5438444
31849672
12856982
35980471
26795998
13021160
79030941
30749130
93218110
67299157
2207960
66230617
21626704
82489495
6209065
73530225
49078332
17090854
46086987
15758255
6472926
43206257
53365162
82672915
10828329
3278074
38568926
25184492
14115384
24293790
12699078
74244339
97126387
15354610
81502525
54146932
34338138
57369033
38499196
76073383
75561329
10966483
85731084
65330461
74467272
40644192
98397541
11488854
7100582
15718978
96090152
70014831
91395023
59478774
59088888
80007165
38176517
76178923
57448164
45705679
12016073
77135035
61832090
15680140
63344968
43360103
96472360
52552803
59227803
34510231
34103379
75207893
47794855
63878233
42729658
2697701
10455320
42717919
80770172
69399642
25585651
26949959
9290188
60530931
17451149
41454387
47535258
9496231
47827722
47535541
61282457
96125666
35753964
59268333
12012135
97277590
42170732
59884395
48507791
66551197
20711576
73271295
92916094
28256848
13509402
84402443
56884308
22466447
77346290
45166228
25585405
73998588
68690497
76154945
69703427
16446406
37448628
33738114
87311629
72634787
82774155
97475534
34424057
53185500
94350917
98646788
69875089
31512194
91101930
76287475
5086700
10884030
6653685
69713909
23220580
80622662
7796443
53412790
82975279
66421740
2281276
72793618
97516956
4470352
64844197
72011549
39612908
89658550
90340352
20557372
1732299
11516402
15038361
99060592
67656553
75437952
30314445
1014963
8042554
51634096
39194705
46957691
63598334
63518236
14999643
66961965
38856320
18373106
33679561
99543739
98652536
26632079
90936570
24998692
6455049
40764268
85927657
52934876
74423303
19874608
64618871
92971029
35498727
85927094
16135341
6159830
91324629
14614967
88890397
26875573
71812837
2684518
79557169
62347361
27434179
73113301
25063342
99625537
29452883
94628136
55355405
77976504
79133
42465647
25291751
28046571
6072841
66459660
1673063
54846909
16823802
39987417
36245953
26879941
30127319
87986024
59424595
7017569
533047
45918550
