8923 
598
9817
9740
8325
8295
7983
2897
8042
1946
8895
8792
1956
9622
1150
3700
5081
1172
1163
2458
7930
1475
3403
240
3606
5597
9638
1594
1279
2264
2452
4604
7791
1728
354
3781
1865
4231
7568
5352
1518
3369
392
9514
7047
4664
466
6804
6356
5689
5047
5810
6509
2568
4139
9402
6765
7619
9236
6720
9356
5662
3398
8127
1633
9056
9025
5981
7809
4058
284
8135
9993
9764
5712
3314
8322
6328
1301
3854
6196
9522
2607
1794
3772
529
7168
6186
3397
6538
4364
5178
3917
3425
4063
8092
8116
9807
5894
7837
8756
2016
462
1063
4078
5065
6939
6823
3092
3526
8438
5083
5248
5356
1298
2657
8816
5100
9170
9245
4704
3612
8074
5812
1809
1034
3597
4040
7598
947
2133
6996
5092
2083
6787
4217
6503
789
7422
2950
7504
7102
3922
8857
3922
9920
7419
9518
8203
2033
4919
4336
9828
7158
4464
7574
4662
2400
413
5898
2896
9863
4093
7127
5145
2434
3483
9761
6575
2150
4007
9201
4422
309
9910
1607
9648
9400
2932
6594
5853
136
1876
7802
7468
8719
3117
6394
1343
3340
7696
2989
7187
8974
3397
7079
7519
7843
846
