7598 7759
50535
56283
73255
52749
77498
73781
48523
87164
61027
78491
70104
55692
30428
63073
30501
37594
15369
34547
75743
89216
43597
48892
71799
40944
16456
19696
36546
37284
77140
54341
45488
73147
63373
15256
28943
61692
20560
33015
29787
31339
24989
16336
90631
67014
84948
65822
62097
88996
36020
60614
24487
77245
97263
16594
99442
26497
89824
63217
56469
35436
37664
89114
92097
86815
92435
95202
88351
59034
30594
41324
49159
93351
47348
96673
59066
24195
67866
24109
46540
81238
19080
63699
10648
65048
84575
96271
73594
37086
36588
26735
94650
70240
73935
55152
30185
20060
73244
49196
67286
43286
31031
89709
30338
26581
65796
33870
35991
51267
11481
15066
20551
60423
38361
11065
43046
17267
34551
22691
54843
29404
58735
45541
20782
18359
51425
29622
80491
12341
91264
37339
62291
29831
28634
95688
57708
57074
87479
97391
91910
69614
54132
11737
87022
92622
19129
10619
19574
40666
60926
97404
83245
92400
60895
20043
59138
76809
99818
82170
85460
78187
93902
54367
92843
81710
94911
14479
22213
34170
27088
60199
27965
38101
21524
20292
54728
92813
95782
51031
28326
46825
71667
16981
27464
96355
83563
96690
18209
20168
74253
14937
19416
52834
53347
46499
81631
64717
96763
57804
46632
30415
49950
18092
66877
80265
31532
78976
97376
25210
43349
52470
27669
67401
54712
33588
29951
41364
98069
28625
90690
63367
31196
41285
32815
81835
72630
75572
43471
71372
39804
93765
58588
68873
64547
33288
74598
39425
60817
15065
51778
39300
49124
44688
33137
94002
91849
92973
33090
10439
26410
84076
95310
91796
11153
98764
44768
29247
75152
12693
62806
95946
48861
46918
97693
18941
90594
47029
47437
64468
87502
31090
27131
31150
21616
12051
12837
69611
96410
68731
93343
94304
48077
54535
33179
96329
21641
65697
77168
36508
91085
68161
33847
53671
55490
11866
57438
29439
94194
73178
34209
45398
81711
57904
67819
12935
66897
85326
44312
10920
67819
46023
55686
69423
94129
92706
38645
56265
27067
56627
78680
96357
38399
43962
41031
80731
75499
90211
63862
58787
91854
80964
37252
88339
58546
38369
33335
61758
28000
64999
58705
62275
28755
37456
62895
13631
93900
75333
34019
85924
28292
20651
14118
27664
10638
18234
37337
16096
27667
71745
23875
91056
61577
93803
24230
32374
69411
46060
18759
71033
12718
71447
95272
57712
22790
38175
70343
56085
17467
38501
86056
53877
67176
80713
61355
44723
84969
32208
53739
94512
43572
74230
27668
18773
90508
77746
10689
77742
11490
87116
18549
57865
55690
90843
54356
57789
40476
15991
84198
36348
97331
72091
30968
86442
73908
70264
99534
64075
52198
93250
94390
63040
26065
43399
51360
85343
15455
50158
26527
59716
47664
14371
65473
59461
41053
77877
24898
51939
69333
74090
31656
23620
72182
72238
59947
50247
14286
84760
70874
89683
92592
99267
21911
71051
39321
64667
43905
34735
88552
21756
42499
36790
41521
10119
38946
57043
68006
27353
94336
43565
99450
47192
81118
18388
49301
94352
34759
99600
70487
89683
38986
42004
12530
89633
85300
28078
55871
90077
11020
34990
40383
57047
13912
60647
64364
23845
28613
62175
18975
63120
28005
68869
72602
69635
68531
72932
69558
13944
24680
52459
60917
72234
58755
61118
25566
86455
68725
56220
90148
98778
86128
46084
43040
79538
79621
50238
84265
62381
31192
48844
65267
24861
54001
20692
64471
55965
23376
59389
40232
30811
26054
99896
98441
44842
95886
53927
77213
87724
89991
45633
50068
44739
58878
85089
25432
85555
99722
76542
39813
54871
58823
22433
81337
52401
61409
18951
32349
25233
49273
66673
49850
56378
27601
54398
78869
94539
94191
49628
49171
42698
97219
23915
39436
27388
33519
41036
79543
32344
19662
14911
95146
60386
40630
90980
42063
79512
86397
93981
58371
73706
20319
89775
87989
90829
55777
79869
85725
70215
88575
47540
37699
72820
84482
27439
14716
82428
10963
82631
47002
72051
49353
64909
42647
11389
31349
62951
67257
71979
29471
18366
94223
67817
63264
98905
77654
44495
43206
93705
56869
27004
10934
27829
71474
41508
83687
14188
94616
49966
27516
96580
28427
96130
22282
57666
21788
57013
31740
60779
90372
75070
16328
63143
59098
45107
94632
84604
68422
23517
41682
13568
90517
35170
87118
67614
81126
13632
58012
63607
16277
44787
34052
64294
25667
93537
87994
49853
53480
10676
80160
41395
73937
49041
24924
61650
94526
32968
19448
28027
47545
74717
45462
55727
59927
70936
64220
44600
54873
22139
42625
10639
29093
29897
92305
87934
76754
28125
18097
47274
63980
56180
24646
45094
99101
51219
73175
75019
11187
91105
39380
17563
66190
21172
90890
33171
60695
54686
12057
10118
74771
40782
31239
45001
10903
86814
26166
47247
25078
12641
19245
17512
57135
80692
68779
37963
28545
49978
53766
62549
87112
73065
37290
60774
27440
53271
43721
55263
19637
26873
35680
68979
77225
86122
72469
32483
89236
96482
20649
86154
67446
16231
24185
57619
92156
55573
16856
27809
15998
73528
41120
38137
55910
69007
25186
36582
12279
49767
82648
72541
49369
56980
41852
85956
21088
18026
59945
89518
21680
56659
38576
52158
88928
80079
26647
44816
92702
50856
10180
57584
28190
23142
53127
24034
43690
94157
73394
48243
70116
12237
32757
32207
88901
13630
42242
60505
49935
35779
59151
54507
46316
97298
92845
23181
49747
31175
91805
68630
34521
22850
84793
90468
52049
71629
93699
72919
90404
79217
17515
25723
72218
98615
88484
36719
49959
32513
30411
23747
43828
61525
32271
32555
29611
14491
32469
28054
31084
80607
41174
87269
72226
67275
58061
32603
65692
52207
30050
58316
74180
62232
95378
18720
97229
80433
30569
12539
53675
73220
73820
30312
27374
28906
24289
16273
47227
38751
37409
52545
30565
88785
60166
15510
60350
42825
19459
63572
47685
16200
56670
31975
56700
23050
95597
80265
44522
77334
13488
48287
55130
30483
39707
77316
46989
87032
32461
34032
41536
12314
66842
91804
73346
18085
37137
90255
22656
40581
91012
64154
84371
40259
39720
38905
94187
74866
58633
81558
75665
68037
19603
87084
40200
73489
82727
93966
49530
31096
30079
53531
67718
24080
27628
95477
41256
51356
60419
75424
13424
30520
39415
94620
41011
30142
68985
67812
29036
37117
98489
87618
97677
67284
29271
42124
98169
13402
88341
59164
31717
39469
23715
56598
33700
76533
69309
13814
11080
95637
36928
46358
34753
48599
57696
12273
14817
61527
25770
99385
52163
20992
19109
89032
56986
99780
50915
40490
52830
46933
77760
52164
17027
66943
62834
59064
82845
70611
46779
64391
76580
12558
33616
10577
57813
75979
78911
94950
70072
73503
30371
33078
81308
92992
84198
77654
64931
60316
48401
57447
12794
38698
56558
37180
19046
81329
23756
97690
88226
60555
22243
23339
86249
66754
83706
96235
27230
13188
55670
69389
13741
77709
20720
47795
19621
24585
44646
88236
63859
66274
52927
95500
50060
26897
10344
62470
85108
97362
33851
37299
63378
82192
71606
58878
95546
76915
98956
10031
84337
10653
18760
14757
17321
42405
12380
57856
97664
66839
73825
96213
61136
52922
74593
38043
21385
10760
26255
34601
71543
52990
28946
12449
18555
93168
79147
55035
22019
65928
34115
24075
35089
17806
11042
35983
88530
67564
39132
76050
89384
32641
95831
61331
87889
65183
10684
18358
34750
66850
20689
90479
39719
70220
74292
32705
40589
14817
22901
52808
64492
96337
26984
83040
70520
61155
80880
54265
82768
89886
60032
88106
13532
50510
87928
85461
41851
40975
41676
84048
67780
81734
74115
91134
78243
97933
76297
56285
48705
43106
57649
87726
67640
73081
44728
74498
63254
22559
62931
47569
53375
60650
74118
55392
65497
83447
87640
70346
65416
14690
68495
10191
94522
56756
65934
76544
60529
38850
26699
63481
65985
93393
13283
85580
22094
29930
54013
57523
93255
36098
16851
28632
32500
66202
21876
53259
55398
30233
27487
80187
75790
25239
66175
65654
83871
87000
17993
67965
83279
30692
60975
89343
61580
84647
79603
33060
66585
72463
63177
42701
73111
73149
69795
43218
62134
59411
38932
74206
19295
73012
56449
68678
35644
28657
65912
82370
73145
75740
22702
58610
81992
86185
19653
86218
22702
55837
66694
55097
13554
79613
44176
23702
82986
75533
20007
74912
53652
59695
97469
48792
20007
85712
20453
62580
38520
35349
43869
82305
47051
33075
37252
91903
37610
34968
41447
65649
78088
28650
42417
10230
59503
14171
22127
41954
70836
12960
67928
13177
31606
27289
36798
98475
14728
14117
78345
70367
61204
51356
58329
45075
46395
87321
41131
95271
77216
96056
20084
28476
47576
31190
63967
92224
36091
91246
28299
96427
56310
37065
41920
44077
94903
80731
91661
16669
11314
34290
45438
65133
18350
16885
96059
61852
33505
27485
58588
71509
87190
72193
80377
89016
10501
89153
82807
31896
29050
26095
83664
89423
72848
67089
87060
88687
26363
88247
51083
45031
73447
29757
27548
83089
96199
35248
27230
81596
25089
23541
94503
39038
20834
49851
24298
28371
52875
57030
65570
28193
58693
82219
60170
86115
91346
25396
12609
29342
56636
30279
27784
66928
51104
60351
68037
44724
13454
71980
72197
89032
26622
24977
33175
36318
45654
68657
35600
66128
81558
98805
33226
74924
61363
70655
67688
87795
48841
26153
92349
23260
16557
16506
29705
86281
43069
19054
50162
59772
48726
70714
97152
82865
37782
58905
73944
34275
67968
87345
10914
71009
82907
32567
51841
81690
34863
62542
47199
54326
55861
66935
55296
94386
51633
46631
28838
68187
38604
48693
83344
30837
90226
66931
70994
93280
98972
14711
41491
98896
41831
73412
89196
28338
79060
31023
79797
45539
42160
13296
22850
73626
22748
74318
96249
71108
50259
33541
25688
61750
16701
53995
50977
84545
49193
62461
59679
97754
94703
92963
51887
50452
96169
19836
90005
58309
94105
50749
76002
15608
53374
39822
21999
92785
95419
12884
25964
26508
26780
60584
12379
95735
52562
71973
92456
71175
49285
10428
81891
98657
45836
62545
98470
33559
19055
21365
36698
25927
51076
15229
65385
51485
98215
36902
82446
56589
54048
63616
45841
15876
27769
24660
68647
12718
27636
80060
97615
78392
73193
93036
14032
80601
73234
51478
54336
69162
85749
91208
17448
10003
22588
21126
63748
64998
90413
98983
74392
16290
43593
57205
61617
40092
16021
42195
12545
25534
12623
25543
98564
95607
45598
97159
93762
97928
35884
75820
52546
75168
88951
21024
87765
55336
76149
38978
70634
98511
10640
85942
81946
10525
43280
78944
68944
73649
48211
93960
95269
47251
57249
79167
75237
65500
72511
21394
63899
20930
32630
41148
81785
38689
18940
84532
96878
10913
64376
79443
55294
75709
52182
70803
25585
53840
30441
52346
24653
76877
38845
94477
94156
66789
24371
31373
51141
22938
38376
50026
42891
28438
78389
61258
42900
44030
99840
79357
42185
19060
40186
36068
34714
39022
97453
83406
28887
78499
10116
48463
67792
84687
70079
60493
62201
50202
31807
30241
42604
12957
20999
70801
77004
40754
42885
10288
56477
73956
34804
17482
55331
34345
49003
21629
20412
24958
87523
57230
98066
60351
68545
51081
42956
67487
65629
26964
65672
81396
45118
72637
60475
64247
12105
97725
25876
74016
59732
62283
24405
44263
25318
39740
15990
91866
64704
10713
83075
90498
66361
90244
10491
66880
22884
14928
80041
83455
98939
74397
74402
98609
76629
46297
14008
76634
32310
83141
51317
22187
21284
48083
10921
95112
36425
53244
38469
30883
80798
39581
40988
49705
29657
91409
77608
32154
32173
18162
83909
35181
52040
85385
99440
38434
82081
16852
58905
96343
41427
28014
94892
95648
47827
63000
32756
98262
29479
27493
62664
94817
92136
46614
19583
78743
27462
78411
28001
55013
78022
69471
62810
73227
94287
20810
74305
97934
10006
19701
85913
20868
19073
51544
44758
24728
31295
31782
11418
26455
52777
18078
37241
81465
49141
77977
19254
63286
97791
11800
99899
20215
55754
66222
24556
58504
91955
48100
15440
76756
41764
49537
97410
69370
59397
87757
59283
60062
15667
18606
87691
85752
84297
95040
68856
69159
60396
23900
16655
12371
14138
80030
25301
14413
83469
69891
23341
84347
80420
34067
53945
18349
96955
48859
61648
88914
16682
94312
80568
35217
51849
31271
18008
77797
87927
19868
66434
68708
67852
21086
96924
41863
11274
60643
62257
80090
29720
79354
41871
99886
20869
79511
97627
44523
47344
28112
61225
80398
78477
72928
97873
88233
27270
87097
77851
90748
78689
38628
45629
28720
99715
66532
47720
75345
17367
55328
85518
25213
68922
77247
14520
95552
37667
27612
78369
32200
96835
30664
69639
59767
41049
26108
74384
31809
24629
72249
58955
29329
27196
87551
92259
32077
88731
20808
44046
36410
61846
69358
19007
58166
24086
66090
26264
49287
45380
29622
83983
12973
38778
94518
35383
25772
97583
14115
14144
59928
57308
73476
67745
64491
63211
11138
40088
95079
53041
12792
33388
48508
56537
14687
80173
42525
56870
31670
69422
38483
89827
47657
36843
80558
47607
22738
88074
73152
73187
95319
77241
97585
62860
97325
59284
30987
90442
75565
78009
66403
44673
56461
55790
96960
40009
18083
27797
81336
51672
37529
22597
96619
30805
51879
87219
50561
27869
42723
95613
48276
76347
47239
38521
29333
99657
69484
32342
52761
63562
68027
99050
66998
21867
76953
57673
97867
32434
63589
91979
34823
49312
81767
35531
87248
37335
50813
51249
66888
45367
62168
46624
67099
53099
98143
86037
38511
88283
37087
87819
87753
48084
73854
15408
69623
38466
93579
30743
24691
76282
74291
38434
45082
98706
35575
45067
82853
81495
70693
29691
11356
42921
69289
37393
23102
58049
59168
32261
56677
54538
13318
80388
47718
76846
66141
61157
79159
11397
91609
37020
38338
66046
33092
77840
49004
52391
11286
61951
66738
27466
29761
48829
36403
55276
70859
90192
71347
84305
23491
10446
95625
74492
66229
19899
78543
93857
69656
42617
64490
18751
87732
42246
98858
48532
42557
26682
57215
64619
85068
63229
70055
17153
99131
52084
43295
39029
33388
50726
21120
54969
90829
56816
64159
30677
35958
36758
88018
56689
95663
35070
78017
31484
78697
39585
87259
50695
54594
58244
11892
51597
53809
21998
81383
79206
71198
14556
89671
96784
53529
76288
78059
64465
54780
61406
41715
68813
68321
79207
14587
88695
84298
49083
70381
62858
60730
13402
97765
48073
20732
53389
79996
57809
41155
56854
41912
78652
95050
29762
81292
13627
87731
53087
34510
62620
90413
91276
28407
26387
11234
11883
76379
52413
85710
79256
16669
11979
70194
63844
25733
41713
15300
98616
52930
36308
86489
64663
64947
32136
83568
23148
53643
73047
81742
50065
91485
33025
11244
87299
30692
43052
30340
46027
68562
58244
45770
87070
41997
89125
28820
62516
87776
70849
40564
12024
39032
82528
58596
82893
57037
39036
91114
37552
74870
29963
10217
24995
19263
74534
89811
31223
44125
44294
95681
82007
45207
65096
55112
42061
13802
87507
10871
63290
34361
50146
51552
66306
20526
27931
18046
43016
92547
35311
89900
84161
40628
48375
39166
83785
46007
10576
98396
90291
37844
66574
20240
78497
26508
10826
73537
76097
35301
74841
21355
50439
85825
79293
80002
15284
70459
34176
68103
91916
51295
15612
61647
10170
21171
13260
24127
34017
31257
31419
44675
44692
94968
55565
18317
69072
27754
29661
97532
41890
60660
66634
51362
20476
85031
95153
88822
76464
18569
83608
75004
56757
88892
83153
90733
14523
30677
51517
28132
51504
40196
55818
71049
54267
65891
62163
24273
11256
15815
49168
59385
26071
15916
14095
90108
75311
51930
21924
59495
63933
91278
50898
95079
99081
63986
31952
47940
43464
97855
31194
43166
35573
50342
45367
28580
31779
55337
28940
10418
71914
76801
44391
48575
70239
21983
96158
89655
12672
26464
90885
39582
33687
56499
47206
52053
34397
16025
77159
97302
90168
83506
94232
35452
25479
66204
38529
55766
51166
21483
52950
23328
75993
60033
97779
30311
92443
35299
41796
22686
10622
55742
41896
86221
89866
65590
35149
15900
55353
80193
23075
28771
40579
10011
34283
75781
85252
88400
45983
12235
24675
72071
14042
99266
75045
87127
33666
21583
49685
16674
98542
47656
21619
33863
74439
78007
77523
45572
23021
21910
80960
54422
69473
15160
98058
29449
18461
95741
66826
51441
92374
39214
27570
33663
76315
71801
81676
34387
65814
38570
32173
33473
87580
32419
63621
42017
77527
56902
13070
54445
27687
73744
88673
55826
39616
32930
97929
51322
81207
71151
91676
56276
94042
90328
58991
45824
97997
15339
93758
33296
52049
64223
36364
79037
24182
77469
42811
29066
20207
16502
50658
99044
74623
89393
99772
80730
54595
94930
79175
63961
19258
22587
36518
97139
99415
39830
11070
89049
23991
48324
17696
60343
70662
45394
32559
34186
97533
35781
51894
82059
32555
12383
50025
99470
62502
55581
55496
11820
39573
99398
80918
51900
17820
87299
75908
54530
32857
71377
73181
67926
22743
78599
25540
56995
96485
13525
84849
12792
60844
55413
16650
83629
52853
83864
71427
45415
57061
42251
35518
98714
24973
86639
10929
24999
46913
42446
78634
58587
65160
21566
76613
53193
89935
79979
84910
68192
90964
80149
59273
32910
22468
26960
56965
81992
43645
91851
98914
45757
96265
56766
87479
65184
25346
47660
20560
29926
76527
56197
63207
89799
79148
35135
39384
14332
59494
36485
97405
45935
61288
23963
53441
15387
80650
20900
87210
20213
30141
54465
42574
17309
43099
75266
13314
15412
34493
40554
31805
70378
67584
98031
20329
71633
46722
43736
84431
19828
99095
84282
62722
36723
12462
13088
88552
11927
45290
63922
81363
61799
87410
53125
68352
46492
92453
39188
53719
27467
68440
45249
54630
82246
45301
35655
98572
75954
35121
37655
32791
35295
42602
78647
67323
95833
48497
32147
86081
70121
91043
11812
72819
83703
78028
33684
91737
85753
80141
24730
53921
43368
10338
73484
65423
75959
67865
35010
51705
81977
24750
43871
13041
10132
99342
21960
12645
42005
97369
97696
78492
14889
75831
63481
48555
38306
40461
62448
84531
78461
21436
62105
24461
60387
21349
97127
56569
81743
51504
98217
61147
19627
81064
17153
54326
66676
39814
21670
55786
97625
81983
58715
55305
15080
86577
65243
58593
66621
17885
10704
75846
29362
41791
82671
64108
98450
19643
40233
35056
17147
25237
89439
17851
56684
11484
83479
30051
14885
26062
20325
65653
90922
86947
25755
66612
77835
25933
10681
78319
67463
83947
27068
26857
66331
17340
33286
50943
80907
43211
64541
77031
49212
60383
21208
30139
10818
87677
16727
91367
80824
67955
90218
53685
50196
78694
17792
43634
97805
29234
59854
14562
56976
40486
32152
37047
68310
62667
79854
67333
48001
16148
63930
52099
74478
60077
75682
86766
74519
62851
41519
81123
24711
49517
83378
12618
91724
78585
44826
52446
27157
73586
62906
62699
89240
75765
14462
18943
45336
46431
78592
21339
69696
56860
16810
46533
86605
31109
23612
92502
63753
86825
44892
83134
58576
60650
73195
51083
60957
91021
16018
68520
36114
72318
21902
70741
36471
79631
93643
42049
21894
13158
75893
58438
63655
88767
28511
89321
90700
34702
28932
33617
84143
72909
62984
17761
89575
21807
14263
17078
49233
72102
80295
37225
69123
97157
86963
41193
37994
89827
35131
94906
26392
36245
74799
85551
86917
42525
39740
60881
61537
39881
49100
83530
49239
68286
69336
11364
20973
20779
55309
60515
74548
38667
80730
22574
61018
54945
20071
20680
29301
56960
59823
17812
18743
39720
80080
24221
84776
89893
89174
13031
15531
30151
33635
15395
47757
95518
45747
22756
28884
87553
49711
93879
85712
34018
43495
32448
36441
84688
21064
80217
67723
36309
48198
66226
90744
86314
23117
30102
64757
62216
90920
25445
86432
92906
75831
94812
54975
12982
76697
37174
19273
70556
70534
21073
83732
21036
76108
58373
84556
59362
20569
30452
20174
52628
96974
77967
22342
67185
50076
80841
24053
51120
57939
68306
35771
22041
48219
37475
77642
22769
65665
35874
40064
42709
25901
24994
60047
97924
56038
81141
57167
35564
24047
24329
31531
17429
84723
66678
41977
47651
79329
94676
69307
67243
86468
56885
92810
65044
16380
37695
89280
49627
25650
43019
24730
12481
19589
76643
90908
12958
84232
75805
78754
82765
61130
85975
20350
30242
11676
73203
77068
14868
86758
78538
88171
69785
21003
85902
40028
41500
58698
19644
68208
25507
18429
52901
79845
42076
82273
28059
54519
62861
83673
13092
27265
86437
20507
31215
54012
14245
31155
63337
34190
51574
16547
49003
24948
23276
56170
20036
62289
39122
76164
17826
58232
17809
76987
14631
47662
32297
26523
63055
99587
10629
61151
98806
33949
93157
25967
30478
73657
70589
92209
94916
71211
10546
44010
63521
36766
89007
35648
28560
65073
74075
26437
52081
43545
80654
89420
84988
71554
77796
30064
14733
92848
32865
72766
60926
17010
44736
80101
55129
65642
85483
84982
27083
67335
55364
73005
10362
65775
27262
79004
37695
24708
51240
51718
96925
18055
34388
91767
19655
53555
15408
26939
79097
12955
70961
37967
58481
47061
65899
13513
28216
52802
54924
49595
73534
44053
68114
78479
18261
61282
81434
70483
80044
93049
84245
33896
94624
42721
98705
54581
53204
33886
76580
22496
49911
29052
80439
58727
79553
30335
85493
53227
37878
72784
95198
27914
91485
38209
66895
95085
25171
35952
74391
71843
77472
91669
46471
36617
18525
87316
67212
40175
53688
84034
17449
55990
82009
82830
11724
57585
93013
76092
14310
91731
29146
91463
51315
99206
34992
76753
42398
50722
25833
80695
74887
83236
61556
25901
17552
27852
33500
67521
73473
29940
91563
48070
56095
97019
53011
34919
58093
94478
46280
87008
21927
83286
71117
38282
61183
14944
66755
72896
21333
86458
20675
99081
90872
37022
19357
17618
44603
69549
40515
77038
39655
36588
99490
57929
65132
75417
70594
12655
11073
10465
59227
73313
59535
80987
53053
16359
73130
86301
68238
78864
63929
44794
91997
56753
29672
39112
36229
35225
29967
49276
33894
92820
47462
32988
63419
99868
31098
46830
84458
10451
97870
64424
57780
52387
45050
46819
88827
75332
99172
26488
55206
94931
50394
19851
27501
31094
72122
26556
30409
96007
50120
13521
13797
31353
95061
78958
59689
60262
63258
66716
19613
65323
37750
98594
42275
41480
38681
22800
11024
36482
99666
38641
24356
38031
26190
66963
88979
15841
75156
47607
21117
42709
41558
42087
25785
68153
63993
23198
84909
39915
92117
57589
97418
25271
81162
86006
31638
97815
63505
27677
68062
42568
60001
85086
17085
69952
92471
89666
23388
39811
56589
88039
31040
61694
94680
45321
56105
86545
29033
98716
85801
75140
74962
90202
24660
40517
91016
75342
75185
10977
63923
61520
17275
55187
49835
69329
84634
63298
64300
60041
70132
67502
46714
26805
46599
45320
43287
76421
59331
94282
79071
92793
95143
43235
35560
52266
62903
32292
45123
42680
72628
33295
12989
24387
30568
25429
77946
71594
35746
41932
26367
75166
39343
81299
20842
45393
65480
54306
64773
46642
56307
16864
33960
51576
85565
95839
67226
17841
95531
78610
11092
13444
37761
91422
66171
45283
80412
59660
78172
50937
34441
80579
46722
73542
23463
53202
63368
84768
96359
55965
71844
74363
14751
62223
93178
17790
29683
65777
95150
54615
90198
72712
89974
61179
24886
27364
95864
13793
67242
28360
58464
43578
31629
32741
91697
68474
96532
20694
32749
38208
34241
75702
12118
53967
81590
27830
88718
22407
62411
96525
41680
66380
22113
13081
22473
25228
22715
69981
91077
59734
57025
49751
95505
87797
12948
74512
26181
17673
70701
91803
24263
31993
39634
42986
49947
43320
19548
48409
29070
22903
76603
25971
82261
99087
36622
38464
82175
70992
18009
17151
15582
85697
74512
25208
79142
76785
88923
63889
80855
56007
68582
90024
85639
20865
51549
39559
46059
61725
68511
64403
40011
75972
26110
20449
17373
72372
57002
27857
91581
81789
62767
58153
49855
32369
41679
60703
26043
15342
89264
59696
22578
22361
79907
68827
27276
48910
88931
10022
64075
69515
42182
39555
29707
91774
71884
59429
57769
38830
89380
86285
43896
14049
40683
42347
89789
64470
92228
48970
85376
43379
93139
24163
62607
18069
37109
70551
29588
52806
21377
94503
71490
75423
76911
50521
86772
29153
38148
35730
98774
46227
51085
13331
68320
54434
49338
23297
54678
49811
49675
29270
67586
56046
53803
54343
22072
92392
36432
87506
18765
25434
60440
95509
62217
99836
73106
45645
74427
50249
27644
84584
38140
99492
82999
84281
63343
78535
18057
26478
41277
52790
98935
41349
59063
19364
60187
99271
69641
34147
67405
95281
17386
62783
36478
15786
82295
11629
96001
49192
43032
75453
67405
92407
84519
12284
60487
95247
91562
59810
39465
72501
33617
61779
36341
28470
75076
26897
14421
89673
99532
89854
55776
11548
35423
50230
95697
23878
90074
56071
23388
33406
15065
44798
86533
94170
96181
85700
25854
93981
99621
56429
33885
93296
11791
40298
25587
66249
88859
74753
21966
55424
67744
88124
64304
88091
83403
89079
38143
42628
26456
64913
40493
55107
74095
23779
28099
91636
25792
23135
71026
18409
65117
49965
73643
21941
16145
79699
12813
60459
97808
33380
45391
87315
47020
56824
53253
45635
79506
80013
90034
78722
86111
29043
56307
19547
34325
47624
64469
11997
87130
14258
82831
51009
41738
30630
49071
20462
30004
40991
27469
18863
81640
48696
22092
24880
89987
89528
50914
20645
25756
22603
39953
58726
58946
91448
19011
64110
90560
75885
21007
14171
83652
47557
90644
57165
13628
35584
61832
12210
61807
46502
72422
54701
89240
60579
70574
64497
15211
86865
86210
81643
86061
35533
10835
24604
82481
79359
84393
27696
17039
27300
39787
75157
74197
52820
73564
45182
34829
40460
21431
49718
58186
13468
48837
67888
21165
81974
26365
51079
81609
82412
85335
56942
53828
53487
87826
43670
78976
76888
14225
50509
61765
41429
18162
43284
34415
24095
42556
93381
90568
90567
71809
60564
55670
71126
35277
47198
69878
37024
93273
38307
28741
19922
63926
35275
15259
17197
72387
16308
70189
43548
24066
12951
88330
12591
78869
69568
82353
32023
11593
72018
47420
84406
50946
37037
40467
16597
70699
50418
93044
34734
36361
57679
38870
33161
41381
86728
45073
88934
18778
47748
58506
81064
75111
45841
29237
87607
47400
67267
21075
23290
91097
64186
25821
16317
76604
82563
87721
19859
78701
16973
53948
36374
82656
39183
36672
34439
83111
93296
79146
87163
17998
40600
56899
29033
15608
42782
95953
64685
55713
81124
57114
97354
47450
36074
83907
99465
36860
49402
78617
48304
41376
44853
80666
16416
83999
68117
30045
57649
83428
55372
84908
96585
25242
79836
67784
55542
93303
46416
26291
25262
68131
70649
82569
88909
62085
16692
22238
30340
20579
53905
52954
50365
38533
32273
94828
11288
52219
98499
29265
29341
60075
54269
13253
29133
78776
32009
65646
36695
16677
33516
12367
57275
50952
22024
91119
75360
15026
48650
61147
11291
21675
11132
63250
33570
54223
99522
27782
55343
52294
54877
42263
22209
11075
12100
36453
64334
50358
59689
54617
75297
44285
75176
58367
34340
23585
45593
71334
84208
85443
41093
83434
36759
86989
74896
51523
69181
99014
51081
72618
78910
64699
47636
44567
79584
70605
60749
59807
79053
10185
54691
60664
15857
72187
70566
75745
86740
80846
93195
64533
98515
46885
81530
61985
56290
59316
58418
79678
43450
31958
97925
39171
87191
99055
98422
20564
44166
25312
84012
91564
36339
13524
72359
28017
39152
28842
78477
91198
78157
13700
11133
36122
92770
67825
17667
50877
38717
96947
12018
79849
18201
63153
22380
65100
84196
26871
44327
69361
28967
11019
96690
27977
55390
31384
14999
52451
51145
18691
13171
39017
95977
15952
85197
17014
18946
86979
17071
57344
59963
10284
40580
42468
81762
56813
43474
51671
62934
70024
48250
10159
45248
39167
93136
25611
42039
60716
50452
18440
53049
19745
19394
56139
11671
75966
50641
25530
87940
64182
92061
82941
17959
48191
88501
14343
72208
68021
51768
63191
76915
55342
22873
75029
87539
27832
64979
92118
33186
39024
84314
49393
47018
65813
64088
90157
69796
21965
38093
68747
81907
85156
91793
85689
72626
50153
58985
23937
30155
24534
82872
60954
76398
88647
33988
94642
64648
33435
13645
35126
62350
72454
39752
67760
94118
33381
99291
66790
27036
43561
50311
86411
95888
32938
20371
96872
80126
35199
46171
25703
62627
64122
99656
21112
54325
20978
45516
39360
96846
99671
93643
51883
91397
41100
59198
83376
67554
90010
71593
92970
71061
87317
61695
25044
66162
34447
41407
90561
15018
62606
60808
43948
13041
58565
95423
17491
60466
98665
43415
55304
16747
12167
22867
74207
36580
76293
55319
28388
36942
92026
88764
90994
25444
47564
55105
61389
32504
85424
82677
61801
68749
44986
20167
80808
39537
66130
79161
25819
87170
43041
19690
32111
19524
22463
87720
23163
86757
85080
97554
81286
65721
33328
96813
74600
89837
29239
71264
77034
18876
28812
14091
56294
36967
58282
76181
20755
43174
52260
27857
71403
72607
61416
33742
34338
59848
93628
45115
66721
42113
49993
62406
86389
73786
92941
23944
93700
52558
68829
22887
58028
48087
90208
65354
81241
76407
25818
49136
75872
34489
84433
12793
96336
90615
68893
29833
39437
16101
58209
51942
36882
94067
88286
87637
45878
15603
18369
90983
76247
91189
89565
64414
86289
91389
65228
62624
53150
80205
37879
57181
48934
57947
17711
33690
94824
42396
29649
29479
58107
77098
88763
98886
12330
91107
77310
57644
29490
60373
36032
89758
40950
48582
51194
73372
77190
42129
30034
75061
83795
51931
53945
43204
75484
27364
64086
83707
96318
11483
61692
66055
15835
24096
84229
89494
74851
87809
31123
13134
24897
37495
98223
27800
21191
58030
91471
28231
26895
56347
99595
93749
38714
60034
20832
18867
43091
94174
98960
83252
76016
30383
94164
17939
81887
61437
42444
35220
90971
64351
52142
60989
39059
45860
88279
82302
37240
83529
75377
67450
81669
94875
26254
76963
58313
27607
88425
23895
22492
65147
71944
81442
94151
53077
88762
81708
63085
27485
62299
12393
59074
61331
40510
18327
71488
94330
51814
71340
86982
50932
16097
11856
94590
59688
67792
85009
95729
76564
57246
92232
15714
18687
51526
17062
48817
65686
64312
43427
30537
14284
89977
71120
81421
20988
11514
45142
35474
66609
46210
62027
97217
99449
25458
38971
29747
68279
44685
50134
19141
65656
87505
88048
52882
88074
21218
84144
69865
51595
54247
86561
12060
98601
93353
92899
17326
55601
67521
53956
94353
56749
72988
62135
21830
84690
54209
52201
40669
97891
33967
11691
53095
19220
82428
93761
45705
51277
87945
33901
87633
98299
68627
21864
85008
43498
50097
34722
38462
88896
76988
45884
34365
50651
44078
47517
10585
10579
89931
72050
57750
88426
44195
67493
40467
47654
72664
29899
42873
75072
63717
72092
87968
32485
80842
52512
73291
89903
32157
31788
32498
58491
40808
95075
34906
34211
44932
76797
62402
54170
45944
56053
82669
25356
45372
46001
75560
93249
40963
10872
84728
86537
15153
75437
97262
78413
92969
77230
84159
16603
90750
48926
89449
40990
48607
43673
48787
31838
64337
71911
53661
23398
82029
37483
18186
36455
75167
52757
50179
74506
67528
29186
37215
23079
35533
36451
22090
71400
66087
34336
13412
90687
54769
61975
97673
40459
46672
58819
55651
47214
25322
48990
66434
52091
91624
16244
44431
22653
77021
96403
88888
89195
99065
37105
28372
92068
26321
24575
15673
27692
48610
24116
14071
76808
45690
16952
96440
47186
75524
76217
87193
96486
53143
79090
14898
74630
78772
61938
29253
74111
97308
96087
49462
67403
37080
78885
98461
49393
98637
77565
72992
46463
28178
58924
79117
11222
37030
46242
14913
63812
55289
40042
26079
56358
64220
99792
21150
72423
61481
54824
24795
74853
23058
53308
39848
64506
23501
33592
30142
39321
85895
12373
65369
96617
59252
39712
35566
68238
69025
82244
69967
59807
69751
12040
43451
83340
12996
70043
66863
15337
61196
46191
37529
36536
72573
86383
68072
12186
50901
63842
92978
16925
17162
99136
49010
38634
32128
48572
79779
51504
94570
48726
46648
39685
66115
27170
61420
91305
24966
30933
18500
80676
64212
42404
32511
27177
42571
41474
26640
54741
75985
79886
33893
44792
56618
36148
59531
70814
98103
38203
42163
36864
27513
11933
41949
43599
22311
40377
26205
69633
26595
88666
52448
58759
53674
91799
18699
24351
79437
86486
45424
39031
49780
55298
41014
94512
86874
63981
36156
74559
68619
69653
36331
38817
74303
90698
30288
79572
35870
33904
14567
11932
92131
77476
50531
69272
56995
87223
35776
76637
92458
13316
55211
96879
20175
88277
53129
84518
49504
31173
34662
97053
92994
93772
11187
22505
29539
34647
28450
43581
60255
80044
90172
50571
45868
10063
42581
40062
24204
16932
43481
86164
49046
40421
97131
32307
94483
64638
26401
94007
82932
76613
32944
20475
72155
35062
19572
68049
71043
29579
79105
62928
73639
18501
47397
65733
23198
92907
36219
99447
40151
87342
10946
51892
55795
94918
87474
51532
40026
21471
48171
33220
50825
93670
54851
96073
62205
49841
38422
50810
49987
12176
48092
81656
16194
22064
15040
50963
25180
47846
89225
33345
99337
90132
87310
30918
58346
57912
12025
90456
31303
82536
20625
29025
61577
66828
86555
41116
86167
47213
18891
20302
73462
78291
94121
50759
85999
93223
58165
83156
78372
97396
60282
12228
45712
52173
29405
85044
34462
61797
15589
93133
18505
15293
60612
68238
94752
48478
65792
36345
12863
89556
24150
10757
19960
54491
17657
66088
91749
43356
53727
39162
29682
63862
45926
66512
68572
80972
98712
24331
79176
58484
86362
34142
59011
16901
65200
37591
99648
73255
74932
40129
12409
23580
65975
52139
78652
31218
35996
82327
18388
97390
35535
66482
61939
54686
63752
59843
57042
89819
90701
41381
27477
69766
64920
80303
85888
39833
76551
37575
75650
72320
96344
96786
46258
41583
81257
60033
25496
43726
60876
47127
58864
27224
19735
53421
17882
64634
53799
44844
49965
86876
62587
99608
26241
59274
87622
16237
79800
62686
99170
39264
81295
90297
21316
66997
42910
52052
44582
36468
47146
98068
26199
87144
36749
96030
75939
64124
90096
50018
36055
56930
41453
72352
74362
10316
58071
83480
16982
41961
16438
70161
76873
62352
77485
77991
33863
37044
21199
61109
40867
93086
62018
43967
32991
86796
24468
56051
46920
59638
85512
34072
46974
91335
66068
66081
10149
80577
34058
15380
22723
38965
87826
67691
55960
25693
55986
16312
18053
35556
90558
76041
76538
95162
15630
33816
13417
59759
75752
83741
67297
88037
74128
30717
67484
24242
40164
27817
57708
84368
40481
23542
79485
28767
48969
22238
86185
17299
64772
65233
41367
45073
70399
74327
59414
78495
12510
48109
89600
33404
63832
50625
38668
98750
65753
68929
54160
98861
87944
69210
18481
78565
81975
35202
28811
71906
39950
87971
59829
38590
83994
87525
99327
34198
78018
81563
64503
65681
10357
68029
90749
32519
16576
68660
31938
24245
68213
48533
45571
24880
70423
33841
71061
41631
21637
56953
73250
87688
23059
86119
42317
79370
89121
70747
88354
77098
80326
70363
99088
60704
32969
66627
10050
86029
84873
48555
77209
45023
61146
91100
26566
53623
92270
67878
42410
71295
18826
65751
96703
85446
43002
14964
91311
41532
81971
22992
54953
85886
76940
44791
72753
52229
15034
20093
13872
67750
91412
15243
13329
54899
70503
96951
59681
64223
93702
18656
86160
56124
99917
81143
47794
33215
38264
35652
86277
12813
49366
76543
37781
44449
68530
30746
38039
39877
41441
19061
61855
82800
15807
93363
62837
87707
37374
14449
43013
31217
37694
14706
99319
80491
19651
75842
97246
65713
50817
46292
93836
98461
77639
38124
76408
26695
31364
98426
55930
45306
22538
59231
15230
82839
70475
37994
87846
77279
90273
87413
70727
11187
20402
23082
22361
63774
91303
73356
76393
43900
68390
18292
75789
56777
43087
74566
24014
88751
86188
36316
92593
40898
33712
32531
88189
65696
28932
41111
58105
99221
11281
82160
12537
56213
23969
38498
65663
15966
75898
60956
12316
89801
24669
54030
41567
80498
21531
98815
56269
21557
74585
93034
50231
94232
26253
71647
85272
42541
59721
77295
64489
59000
11480
87652
83287
86615
38239
92311
77490
77604
33103
35270
81660
50482
75203
38691
72727
59596
70263
22921
53414
90124
96266
72493
35357
69819
64091
94687
92898
99100
25076
98503
34333
77247
43724
27169
90276
37556
72104
54108
96836
70719
67540
78204
97504
38315
76011
98529
89738
30860
49141
80817
45242
66466
48638
91701
65478
94765
42080
80363
16715
91760
27222
85360
87789
62936
68073
62763
55597
59086
94757
56406
90955
74178
35892
62779
77736
96744
34553
12325
34018
22184
78485
42446
90327
55325
43595
99941
22888
64105
65212
88271
76801
31833
30854
76407
69470
49239
33225
48642
38441
92869
19576
17730
50873
50346
18879
50506
57274
83790
93853
25949
10378
88465
10105
65470
19396
41291
28339
52909
53753
33899
70463
91403
99854
29341
44560
97840
23670
57281
64755
63628
59382
23184
10223
60209
82125
48903
76587
32030
51015
17833
52063
15651
69534
46479
84373
39138
67022
17987
67261
72388
20696
31939
31695
81099
63221
59990
78054
72502
67501
63557
22038
56020
75426
48212
31242
66558
47982
81278
53088
90091
88415
77237
16242
86789
76229
39766
31590
15618
96190
23293
22860
28726
76809
90068
77834
99697
99406
40462
12863
98604
90967
16334
58808
87508
13797
61303
80421
14110
92495
52562
86749
87764
71724
65112
53927
22378
38968
52695
26081
44444
43644
97617
49126
27299
85167
55902
57084
46918
48753
11113
70916
50806
33948
95364
53710
59917
73679
61295
75242
59802
31360
44548
79280
34189
81738
93343
22095
71842
16838
10243
35626
92513
94529
29251
63991
13100
63985
70803
68399
81005
66934
94478
77657
71933
71854
76283
37729
23867
87082
26820
98358
36073
23376
17100
18921
90781
97444
49252
52699
92194
49653
57022
81415
76310
51189
87854
21881
78665
95397
75987
32860
60461
30348
76909
27444
72652
22663
50308
96887
73007
44757
16781
32543
26152
99490
89397
32969
60102
99416
69617
21893
35557
13262
88953
52825
11594
45403
58277
22954
71747
16800
86575
55384
75589
21598
18787
47625
76680
83447
50688
86170
27634
63054
16515
64574
74439
78697
38990
24961
59433
50113
62213
78650
77980
31979
25173
93057
23147
33529
42118
29570
86880
66666
52766
88053
19255
88023
99096
91302
61308
71104
88803
81251
30018
55612
13472
58175
64175
72084
31848
12934
33706
97522
25180
30951
71557
69563
20505
85529
46983
51689
14271
31245
16813
61556
51630
78871
86730
68561
73698
31017
65775
46129
61134
36432
49669
57379
13552
73413
95813
57752
66926
85740
83766
25547
27660
62373
61632
49278
30059
55280
17175
92173
58623
20086
93962
68234
99099
41124
40367
89407
31829
74326
22878
21232
63619
85941
36040
24199
99796
78004
97098
40598
15225
59970
38531
60655
64344
45137
53701
75604
73102
54588
55158
16867
12869
80188
56834
60782
86196
22363
24007
46142
52822
90214
22616
63266
91008
25900
75185
38237
63246
15938
43025
38496
92505
75785
51092
98629
59257
31239
63631
13100
81224
78855
94168
46963
71833
71670
55958
45626
17740
43057
97381
35724
41705
29054
76201
22068
94246
68232
10035
99883
14669
63020
43932
47291
95792
86478
46094
57951
65653
32577
38055
95461
79702
41272
10978
46860
32305
31930
34630
32734
61844
26411
48916
50139
42272
66327
17165
64152
30126
92734
62792
43447
78248
75304
59269
10879
98733
38901
49467
58806
84635
24293
29084
12255
78116
31567
39450
83081
27127
58455
54690
13568
74932
87586
92405
43697
27124
15993
89889
68542
54186
64368
14759
21597
96658
32151
34603
28944
82486
67534
60558
84139
95798
37307
25065
64828
85370
63559
55967
88484
35935
28459
96244
29886
25192
63160
17349
57516
54533
44547
12794
20754
36242
91474
56612
25207
89871
63980
98893
58168
87635
45986
22083
28428
37602
14995
34192
46186
32315
48191
27327
90119
75826
49426
40927
46820
38162
97790
57916
82272
24835
85465
16201
20147
21871
72956
43329
85508
29338
85698
93458
86500
65083
89835
29632
43134
89618
40568
55671
18895
95449
72021
45272
45398
94746
34414
40244
14167
33141
90873
13639
43879
88757
99649
72993
53252
35607
15824
73699
57258
81645
64652
18181
24611
98298
54574
55004
93734
36526
40554
51916
79117
75551
54406
58884
28536
19936
75478
73038
80031
96367
60214
85830
87500
67568
28961
77471
91387
74262
88520
23536
76664
80809
11538
85785
28170
33202
47107
63328
69235
74849
88825
71209
27566
97544
92351
62385
77403
70616
59393
33315
18746
56774
93463
72774
98972
19875
91019
42586
69400
43269
91636
72141
34524
70719
55813
14571
88969
57178
78882
98058
74708
13208
97261
15639
14240
18512
51289
10505
97410
64367
20547
44963
53522
29441
82444
70248
97033
36077
18635
39292
56086
75346
60594
67415
71808
37980
60194
31128
29393
57314
73889
68868
11133
46258
97333
31128
63639
62095
46042
27329
67888
51757
58304
54556
56169
12213
43816
87103
87060
35466
72433
77301
28145
70598
33581
97746
82233
43903
76397
77642
83303
28250
33819
45709
49591
84416
61102
86734
30660
13932
10156
77360
52584
66608
76682
83629
96833
39910
45444
69849
70983
53893
37820
89541
79607
78949
23354
61198
83160
42897
99670
27945
50778
45722
39785
59452
62411
33029
61576
84744
49380
81161
85972
28923
44669
36420
46844
14554
12351
32146
40039
52993
95562
47703
74298
27726
53385
72107
67018
53438
65200
68013
41122
15755
15660
26989
59738
18684
61250
31290
60604
71490
52745
19006
21264
83740
62773
24787
35898
68050
17339
90865
35070
63560
97184
42785
35471
95840
55093
49249
59394
76941
39031
26617
51645
63166
25342
75377
89801
79135
20917
62160
64696
93354
49704
18979
74297
38226
63347
71014
99294
79002
45975
90571
58477
45603
70824
24993
13726
62787
98698
31913
51582
44165
10290
42702
75677
31736
82496
80260
77980
90147
13621
90721
62768
96380
41117
96140
74371
53130
17319
59880
13830
98878
72833
91884
65524
69013
24764
82551
62290
16630
87061
58392
85970
47212
74042
80685
21472
25121
83285
19664
90963
26177
45601
67816
51413
95769
59151
89430
34982
27858
27465
54914
27019
62417
10412
24860
40223
91440
34343
29232
58741
81562
61281
46034
76347
50187
99726
16584
55495
26985
90941
90244
15267
90349
61017
44472
18938
78736
69833
88387
60462
18081
42286
97435
55439
73616
20179
86141
13182
88963
31149
26556
79627
89122
85453
64397
12905
48061
18590
36560
75421
28360
87812
42190
38746
77070
55235
96577
29822
59463
35809
31776
40785
74586
46824
16075
79420
35801
35293
92650
69143
76628
15931
65380
53185
10932
99507
69479
26978
70693
45223
86155
97351
55344
51079
85958
43782
58165
95707
49468
70933
96593
61205
54043
55376
38829
51681
98995
28465
42979
90148
58056
47975
49593
60089
72401
16441
27175
59844
63558
78892
51682
87274
61177
80389
43842
57621
74259
78697
84758
15985
64694
84976
21892
56927
25093
26880
61043
75336
80851
41353
19856
13852
88679
12668
38460
42745
35302
72176
96169
40332
36416
96477
14739
22447
56967
56452
40370
18695
21148
20350
23568
85854
95966
41168
90824
62925
85802
21922
49804
37779
36591
74869
12813
39762
22315
43405
18578
25936
86814
98607
26227
95573
18319
59157
35482
83649
76523
14789
66855
59337
84226
98788
75520
68786
46742
50414
36442
93745
70378
31926
68979
21023
36150
31843
97024
77874
69409
88075
23816
95398
90013
43714
69352
83500
84572
13436
87046
30637
54646
50956
24234
23439
67399
34308
29611
70109
76510
77093
26674
52605
94381
60090
31842
82029
28717
14858
40985
57256
36546
85012
63240
32795
45998
70333
99586
25556
81799
65068
63884
24109
71590
16250
20034
77565
68604
38528
79359
27610
41841
38166
85044
98506
79971
69980
61856
56611
45390
76047
20914
53516
90907
30566
94887
68127
13896
98428
73581
74585
50060
50247
73490
72239
14615
26458
23260
31176
76053
15669
95014
90501
87168
73450
16629
78531
48205
15000
71184
90105
21645
52485
41819
22411
23275
25048
84154
24479
19160
27016
12670
61797
65546
31925
16609
23166
31734
48872
28446
21075
98405
55315
24653
39243
55009
39888
11693
66926
82882
37524
91230
38972
57179
45054
94844
17367
38546
58874
93632
49538
91435
88814
49432
50465
25485
71011
10986
58092
59928
41805
45976
69248
76348
23368
54627
85262
72860
73857
22131
67464
33691
51257
78669
99784
97316
54479
41266
63031
84406
33566
20835
41863
46197
48415
30197
79011
81236
24378
13850
54181
13784
57789
59971
15351
48103
44888
10342
35578
60447
42838
76602
48627
83496
69115
65749
49580
56249
81687
98875
62760
96731
46594
15014
79524
11244
39226
37426
48443
51895
10508
43213
32010
38100
46654
90847
17753
67285
43606
50888
92975
42670
28053
36898
71049
75065
88432
95525
23123
39331
90581
60255
98618
45854
93893
52999
34306
53052
56366
50502
98951
94056
66011
83362
58197
73786
70565
62200
61173
32197
63603
96412
98609
17653
44151
72655
38486
36307
89913
64595
98520
19182
21568
43318
55001
60401
76023
52048
92244
68332
54515
77620
85815
79039
75794
29254
95781
54557
33288
81348
47837
68982
97836
57997
24943
58731
97304
13296
87749
24818
94752
85158
17689
23106
91893
54820
64788
30241
72881
44388
12273
98393
11987
26554
19961
23921
66462
41409
55383
88407
45046
30762
58062
58156
52394
47526
32835
65936
97390
14906
14099
52953
85986
82738
52834
48926
21780
11503
34166
51943
31158
67941
55757
39835
20946
71566
39468
97758
45486
72775
49586
46679
78569
47650
11179
45726
85438
48204
80261
48537
48869
98646
62912
94293
38066
55569
95960
57480
21337
97282
46056
49436
35640
16123
31666
90125
67364
37007
90831
26374
81871
76977
20362
91615
37216
42001
39894
26848
40190
46516
89002
54101
85782
37380
13047
15961
42084
98792
89949
92845
95024
12758
28867
17053
78729
21602
31022
22643
67647
47195
16806
21352
87035
85243
77885
63118
25198
96688
15353
73528
41005
18742
40529
81766
46086
69270
88234
23822
30549
60949
24746
43337
64591
26986
90832
85644
11845
14990
39658
77153
69489
45632
34027
63924
86719
90400
95847
60662
46746
72728
81166
64691
98416
57370
14761
87120
92069
65870
60534
15417
54451
19422
29625
69231
10446
13318
75612
30039
16759
69646
56995
90700
80804
16392
93213
33306
99915
82746
10999
57696
66403
36359
50088
72856
13426
13641
27027
47991
63744
77734
37077
16459
91177
82172
21019
73867
51644
40074
80192
82475
11777
56870
70323
63360
77031
17690
51843
90277
10318
88828
59548
73391
68066
44198
17747
91601
63060
15374
19953
91513
49685
99615
54795
16880
36556
85762
98613
16940
59129
27489
70808
64099
32051
31452
16736
80460
48250
99345
63134
41187
27574
37944
28722
65285
69147
76629
11712
21513
31065
64089
59965
13390
89110
54271
34677
55608
81033
87419
22058
94159
43864
83450
52945
74932
95731
57365
29880
63137
56614
77597
91763
18358
54014
92294
26827
22717
62287
69820
56642
62823
72819
66565
22885
49960
87534
76103
44574
34075
22456
13564
55770
35277
57854
72991
81070
16000
77614
16239
21441
25010
42215
69207
36280
73899
55053
46507
43316
54278
85464
50353
98476
70978
70854
18646
69688
64197
99475
42281
81537
14648
49271
69279
44743
52024
42566
74910
23499
35938
97580
22509
38739
16171
36081
47414
43371
10289
50346
19548
72987
98460
33087
76077
39589
54053
60309
67253
77994
80021
60859
82010
66793
97235
72125
91573
61341
28642
63170
78011
61935
99418
91737
37850
89522
72859
58758
11918
84267
23783
23779
82167
50821
75531
13775
84322
25334
28294
47378
68844
50318
46465
27021
52234
56254
62071
74922
19518
70863
25096
79722
46351
65861
77428
47672
62813
61874
81443
26809
67143
31193
37725
84028
10130
75546
65495
33037
83420
24461
45908
82101
23268
77448
27087
90756
50865
41338
70020
53871
55443
54733
56816
95307
86588
41024
35316
57233
36877
77429
88521
56276
63897
27540
47914
83905
80374
94796
22182
96384
15081
89455
25850
68237
51051
79669
11442
53746
10614
65055
83582
22651
37145
96391
83124
98904
84711
60659
65806
20209
72283
64715
68893
17324
55951
52233
69310
27205
12581
36208
21305
86870
96912
53130
95716
18246
24143
59231
16631
55890
78133
55254
75693
92098
42429
94614
21476
55970
35796
32551
10690
22376
88619
31708
31888
78265
98078
40587
28027
70594
52379
88813
83340
13187
73072
48605
73419
28919
21023
85552
61226
40969
14339
54366
59804
98141
34267
48271
30522
14971
27478
81273
91927
80615
19962
10321
82958
12340
83687
57814
92208
88123
33496
53678
23961
29628
21272
83996
12509
96383
10741
70143
80625
43772
67487
88298
92046
97237
24087
38238
52633
39192
84842
61315
37445
61186
58660
62615
79952
21649
20168
65471
35675
61836
87107
33793
62110
18675
79924
81200
40436
30204
30274
26144
67548
99247
97611
48798
23413
62613
42001
42204
27150
91465
52291
38381
36345
47753
52090
15428
36529
35192
53484
85459
19557
99702
75841
19995
14910
35542
32735
19179
36652
96458
21730
34290
20701
43554
43523
47866
66567
87330
66467
38423
96918
41777
18831
88756
78436
81051
53530
31059
58487
33810
40412
10313
86885
83524
98616
12067
71046
80890
53722
15030
89245
88816
92053
37916
56321
97258
97295
73869
69763
90016
38048
26205
68090
95268
29414
44918
98938
80802
88000
19329
58096
77251
18748
58071
67776
15379
73131
16800
93403
28777
62369
89316
72865
97354
31000
19962
57743
81372
86374
79728
19722
82269
27684
35844
12525
62945
95049
49526
51189
11049
87245
84867
52800
70231
34353
33682
97219
57923
58210
80389
99606
92331
23218
52559
46702
11373
18372
51153
15619
35957
18144
75122
87737
25770
82229
19764
33551
30168
94044
46895
51375
82413
65760
81441
57844
86738
69193
55289
61695
97215
80198
74674
19394
36803
31234
23038
89906
20157
10032
45459
18169
98130
53668
92027
56845
37999
95646
67450
50650
18094
22457
12590
45959
89634
94237
12217
78941
18131
18403
88517
31835
49034
67148
67475
78787
60744
19866
11065
62798
69265
20388
36119
49004
34197
74534
42158
32233
34082
68732
97289
49871
83314
40405
77217
93273
30575
93070
25149
86999
29172
49545
24921
53165
20480
33323
96672
46843
97984
41436
71404
23674
61787
99867
83484
47833
77458
48471
25831
47411
54474
94074
66510
79807
80603
95342
22462
19080
14947
27437
48854
57774
43169
95355
69381
41880
97334
55132
51179
52140
53111
90210
64679
93110
85864
89913
81822
67776
56785
30506
39548
91512
14161
68855
93238
26854
58483
25380
80919
58926
35662
26883
96830
29760
43087
64302
73681
12056
56957
15129
95245
44898
25902
14382
57010
68963
71709
78524
33459
52982
72473
36910
63882
74294
26273
40409
66368
57095
17835
21998
60584
52960
55053
18252
61151
67404
99933
30710
36740
25728
85370
47463
51104
14907
28189
70613
54415
46717
45590
94935
33016
97896
49141
58412
49208
68837
38480
88465
30346
47520
88558
77659
14156
17775
82110
21350
64031
23859
67245
67159
89735
46159
62960
68836
73887
71788
84527
30586
34064
29368
59499
52807
66095
71447
21683
59450
46197
49346
20031
37293
90848
71793
21351
80769
87074
98663
41735
79195
69794
71360
86396
26954
98106
94652
25162
74208
41379
73659
21352
90572
73574
99504
41418
65693
33392
49805
71828
66542
75428
34817
56865
18641
67593
20598
97702
56137
17239
74612
19635
11251
27624
41823
66005
37822
24061
36834
65608
93186
67116
96165
58524
21647
94164
13187
84587
27144
40761
16608
45701
84557
25802
58701
11761
96060
60619
58238
59714
61306
96684
84906
61860
26492
64358
47818
96503
92904
88391
54219
15215
77620
17692
81306
97232
37961
13142
75783
22263
37119
43254
54302
37932
84128
62028
72176
45171
86689
40777
70578
71153
53639
46914
12664
18338
13304
24844
85028
31343
70543
54564
86410
41817
87194
87784
53766
71940
36018
70264
31014
40088
95842
75681
16130
83207
39515
39808
19575
31821
71903
81446
11190
19543
52876
45496
12900
58263
87607
71766
54681
73973
71647
53334
94524
36988
56479
29770
61809
58687
59806
23121
64798
75794
28774
84965
89138
58432
94529
23410
91325
55319
77100
66439
67602
92743
12138
38603
20064
69726
71228
69632
95612
53284
30058
59738
97742
14885
30159
81844
33818
36981
17902
57756
38840
99344
54485
98533
26621
69943
23727
56416
41753
90509
48641
44342
57713
59818
80783
15923
34078
68381
95512
14664
14941
89357
31958
23650
65242
29639
31224
98437
55807
51125
19113
45391
72006
53598
71512
24623
49889
68419
95359
73655
27693
34308
18208
88529
61285
58752
51179
50984
41819
59552
33067
85555
90666
92594
76869
68582
51756
95154
31956
82814
93902
46254
28045
58009
89073
59087
86388
46941
84364
33563
98278
71343
81578
29161
11966
29023
81765
57362
91062
91110
48601
18592
40731
45960
20023
11628
36097
72789
43598
71719
98297
81193
50314
72939
37939
74888
12937
86133
17507
71961
76895
40675
18999
92677
75404
72230
44971
36410
99679
93412
26930
80809
55609
72623
39213
47049
61954
22765
15941
22079
57744
47071
69964
99686
18943
87182
93948
57102
12381
97002
75165
60902
50242
87412
22380
61715
61972
37137
96394
74181
31049
93839
78337
54187
12950
36823
77217
49060
41830
40634
11611
74673
80783
72445
41138
96311
37221
78547
14236
95464
48575
32738
39779
40952
65867
80055
19139
28463
22749
19133
74208
55175
81792
63686
37370
17149
72919
75340
15545
50085
73970
94402
91353
87672
42408
75197
20279
33301
23263
14165
26610
12658
90342
61010
64795
58368
41375
28744
59212
13455
21247
41146
52161
36542
13983
57859
95281
23530
64744
82736
28975
89049
74428
46836
39953
60678
28879
10823
33941
70769
18479
12000
32512
43950
92858
15333
39659
61032
16251
47318
90263
28311
46642
43854
93774
95886
24782
30118
23314
55262
92968
76470
33708
82746
34185
90768
46176
61617
79980
85997
85415
14569
69749
38063
65726
29279
34744
51639
33179
39111
34432
34794
51762
93771
48694
92780
57224
48585
89120
17130
33341
70467
12194
75384
60991
35279
43962
85159
38182
76211
57650
99984
98635
59797
71708
47323
97397
59011
65145
93325
13907
96317
29330
65081
11408
45684
58066
25524
31290
44273
90453
38827
25236
84605
94624
55755
57848
71383
44744
75482
90194
71506
95652
43411
65723
41851
70696
51753
48569
51781
89345
21536
49877
24402
35174
65271
20122
50842
93571
89992
30814
27270
39685
52478
44835
40710
21793
30504
96635
35212
52238
73583
56201
18693
67656
14359
92271
40034
86154
11530
96530
66458
54706
63910
56596
62942
89998
26634
81380
94534
97352
76029
49729
81109
86929
35912
93480
59500
98917
90512
16167
71014
92778
61955
70907
91261
39787
56135
13981
21703
72798
39101
82966
82855
66413
48567
77022
84730
37720
96478
66736
19437
45169
95690
99226
70955
70054
95530
72493
27238
47804
37289
26695
74266
27156
81082
98721
42624
46811
29622
64612
71360
59355
56069
23486
70426
27971
66868
46430
56526
64999
40841
77431
96301
15647
22970
27312
17075
80682
17858
70007
42564
21033
13268
69412
75920
75916
98803
34162
64910
72029
32533
79426
43226
36985
16003
37243
19979
51031
83720
59745
50661
67607
54199
56099
85122
30077
13873
51221
99696
38669
71534
68677
50474
50934
86993
73761
35619
56283
82060
71147
31927
33655
99618
29224
22284
44464
34600
70093
91772
45913
94046
92181
45772
65732
35255
46090
96965
52318
34448
79795
91718
52908
95446
40100
65696
65352
54614
93807
37094
51741
25000
81841
21381
75384
14004
67581
59780
35906
41719
72990
67027
77432
57951
29446
71623
47823
63609
20452
12715
70807
94274
91758
81941
21188
13262
11207
84134
13998
24694
86300
98784
51755
84106
74292
98544
45574
83233
75460
42907
83952
54680
44257
87167
49189
22883
97337
29887
60034
28991
85437
70328
44514
52429
55019
54017
98468
93589
34825
84064
35391
57640
41117
45791
95204
28298
64662
31831
75063
44389
24971
48181
28879
94171
32188
52493
47003
10610
60456
63354
67229
65259
99321
82112
64331
21983
93622
25599
54627
60902
22098
71475
46255
16426
49100
28050
17839
25129
18272
17754
93389
52442
53092
71144
49136
32155
13404
39513
31986
83891
32441
77897
47262
94152
98916
94434
54811
88088
37590
60827
61923
47165
42874
35533
29139
92258
76962
80165
37968
86815
73853
97750
30341
99563
73344
15875
92547
63131
29791
27432
84282
86755
68583
97304
96021
11207
47483
80400
99240
45761
92807
94925
88370
56028
17529
47006
27754
53356
60123
81343
74255
14502
65148
36025
16930
99043
93631
55793
27676
12609
39359
48721
25511
42955
68046
54178
45914
75901
19411
59532
98493
47533
60693
69301
21499
78436
48825
94254
99018
86406
23266
59234
45873
95271
78100
38224
19699
84171
91053
88241
21153
21381
26573
94959
92933
14032
40312
65579
29979
26523
51986
91013
67765
34663
13915
83518
92771
44479
45678
56125
92605
24034
16475
90674
63596
99841
13819
84937
60283
12152
12589
83300
90426
41960
31945
34005
30492
11916
58769
57571
26476
15785
98129
85005
93249
12064
32438
82483
67692
41230
93315
58403
46557
63271
85811
12054
23135
80279
86667
25934
81706
18590
68648
63844
79788
75657
91874
24663
31051
67638
15867
81996
85040
49518
17186
12766
66529
25515
17821
74196
83356
14141
43710
60313
30471
65835
68776
53723
37657
65070
72032
65690
58230
16341
13472
80214
92234
32336
59592
11304
13114
67260
85624
69342
42375
71434
22777
84870
98506
88855
75344
74420
33687
50564
49578
60652
18301
16462
70501
57804
41652
69677
74457
48146
22774
27110
15710
30217
52483
17599
79289
23630
30978
72608
98017
38906
47786
83928
80996
82468
90824
74009
53848
82346
97344
34849
46044
91693
37646
15677
30568
35761
20522
79182
75773
45684
44367
47136
78140
97923
43108
55832
31497
37319
25203
23456
75762
18243
91652
69895
65584
71789
73937
75516
49165
58993
98349
48568
51570
87191
31577
33644
77203
24913
29497
65548
87691
91344
61863
41511
61852
60324
57097
27833
99941
65797
80501
21022
25692
30497
59329
57885
15125
28562
77139
73836
26354
90819
27169
65483
37595
59561
50311
74697
13635
42514
81767
33183
38072
71289
76792
34894
47806
21969
22573
61422
78568
66362
22527
87337
16726
43384
43725
54377
36781
95804
57472
21952
56957
63369
38103
11658
75329
40539
26369
21522
49652
33403
12452
93573
27345
50783
38493
37839
20473
69962
22170
40829
39946
22842
69809
67120
48112
64579
59180
87791
22042
99155
32117
48096
87673
54634
68966
10629
13898
97329
27914
46345
91959
84765
92653
26157
89036
68015
53950
68327
38075
82022
90927
78891
90727
54408
94667
82170
61484
17851
32198
82627
27496
68227
32696
37046
51198
90122
24303
44177
10666
69106
89241
19293
46283
96392
47932
62592
85380
86689
10594
16349
89934
69046
12842
34150
75020
80460
63841
50529
44277
29523
62837
58588
72610
11770
58090
37961
31810
29940
60644
67530
52654
16155
20715
92971
88727
82663
97501
74262
26733
12524
83015
70097
13902
41013
99147
87304
29479
88598
48343
74525
69998
26733
60476
91554
75491
99163
92097
30295
30982
44293
29718
55745
78619
76400
85748
74969
54510
42224
65496
82399
77030
49323
14611
55231
72575
54196
59131
66543
54925
76432
57222
12583
41748
63555
92531
17582
83274
82260
33403
36040
74590
95174
44648
44066
40925
78433
20047
99611
94788
61619
76542
82845
38021
84045
79039
48749
28122
47205
14312
32575
45412
28000
97147
97502
42665
44494
22704
47781
39776
77476
91669
27013
45925
17119
41961
36556
97266
36809
85023
15568
29959
82272
70752
57070
69863
69029
11102
28782
22253
64224
50113
99623
48921
22785
80614
11105
93249
82473
23094
36120
88750
58763
44969
86655
76847
89051
49999
63973
96950
57746
22314
70400
95555
83716
28836
40157
29417
66720
36834
45883
82437
88152
94046
66495
64886
76384
72754
27301
20076
60409
15687
39895
66534
32994
94874
59208
10375
88191
17002
97180
39315
42384
51138
57717
69065
96690
12971
24610
12022
97543
14729
91180
92695
40342
12334
21176
64828
11304
27887
39195
70269
28196
25166
80563
40775
23868
52041
76531
54722
78750
20853
10499
89527
12713
80313
71520
70824
94829
46217
30140
20392
37852
14726
40163
92620
48777
67784
40777
48996
44386
53850
99576
39832
87022
98225
16254
75978
93068
20219
29346
58103
89677
37521
69399
12544
43953
97224
23829
18654
93823
93847
29414
30062
60080
63476
85562
71792
91788
26309
52063
16220
58433
95309
72257
94165
11547
81427
35962
34347
75339
32952
47328
51954
77868
31350
81590
34424
47077
71663
12333
61314
92277
13389
54788
49799
98115
98529
26491
24649
96586
94482
34367
29983
21369
52114
70900
44849
47696
57065
49547
89725
76359
45714
92470
96099
91656
38857
14951
74609
99760
79857
22140
40600
59078
36101
24969
61273
88249
18951
35012
93465
89385
59760
96159
43577
43529
12742
77551
85463
81237
46154
13280
24399
52877
51205
19946
47242
64263
74348
56149
28406
23829
63557
43661
80932
40338
69153
79368
16967
29578
32507
43848
27014
10011
71724
60018
41173
54262
12325
52203
15641
59531
18999
88732
33609
88085
22784
46875
65813
51416
56707
77953
79230
93766
84835
54042
53044
20328
79250
20203
30677
60130
31140
27012
24320
42028
61097
86002
39334
75212
48504
74607
45233
24227
41302
92189
95579
83689
86546
80892
65750
32779
83131
20095
38772
11377
74106
90936
51311
90494
64347
40111
30375
87340
10623
98158
54846
33473
50750
34894
98117
50673
47018
18306
50124
79763
94898
18976
21701
82017
46931
39147
76850
43783
30321
50771
70514
24165
38995
15189
32572
90533
58732
16638
24973
42583
40463
94623
24137
61749
42886
70029
93752
13288
74630
33010
23311
44075
87538
52796
78845
80513
21927
85726
49243
93412
28377
63073
93504
85994
32399
89478
40608
42343
57745
92326
40164
44981
18435
15988
74398
37859
90516
30789
61860
30673
70108
71423
76767
72794
91677
99378
72901
35336
88492
57460
21148
89607
85912
68816
30196
61144
62341
65894
41248
66814
60542
56354
28715
14353
74696
86335
79475
76714
61301
33142
77833
65794
55495
90155
95390
14819
62376
31554
61040
57654
29346
21327
85480
18833
47997
54485
46687
54125
32477
13911
25828
15787
33839
10498
84229
25266
33004
39564
80285
58154
89862
88797
66308
23003
27179
66627
32925
77875
94768
23590
78481
92088
98502
75337
71357
90426
89217
35701
89158
76235
30456
76211
50376
12812
20511
23461
19638
24190
33903
40329
74107
57808
73197
99970
35924
13935
88030
58722
43595
91829
39187
52119
91966
28880
98289
81342
30048
67104
12357
18137
23117
22995
95652
89714
98955
78759
96874
45538
41207
44512
76623
49329
55412
90714
22556
56350
16204
27608
16008
78335
29053
93731
36994
93770
20178
44195
86786
25390
37311
87067
14156
32566
45029
87038
49335
91955
88952
81431
28176
68488
40433
70021
41116
51767
17360
15372
30962
37789
70145
80055
99148
28399
80741
47316
75627
58583
71607
94986
45069
88920
89195
34716
91296
68299
21559
91983
35451
26498
90024
51381
92103
25009
11547
63419
47963
27987
45548
33633
78819
23750
62524
95187
98648
92958
17605
98875
98686
68025
31130
29570
21308
64212
62639
24150
33993
73559
59537
26107
80202
50392
38497
82682
34250
10515
95398
17050
14136
19766
13546
44380
64380
77023
51733
55053
33569
37462
56438
24754
85737
49659
74461
85933
75465
38985
26634
40291
80796
16299
70431
10397
73184
42920
93493
53312
45726
27857
46870
61411
92642
10485
82507
19381
89540
83283
17018
73249
92192
12586
72083
83031
49311
52740
66187
44819
59903
90833
91645
85139
15552
82591
25628
80278
25218
32475
87981
99836
53283
33627
92896
14992
45973
39263
49325
15143
68670
67390
65288
10817
87604
39431
97911
31467
97237
79504
18244
44265
89093
30939
41948
60878
11251
62008
32491
49154
57787
67526
37897
29576
57782
82066
46508
86129
40691
28804
47094
10373
93986
15084
66184
52007
73427
48839
21341
37293
77656
27735
64813
39885
56142
50272
68793
65226
58100
85300
71248
74887
17518
51601
55506
68360
84282
78663
22157
44804
87480
24878
78185
78663
33383
44387
92922
67769
24753
86505
44833
35079
74915
93881
77972
74138
97783
57665
11451
77878
33270
13415
16024
20315
43273
99507
98983
12807
81172
58248
37043
11574
42743
56491
96829
14436
41196
84120
98996
61941
53188
53911
21169
69874
73417
17316
98743
16741
15964
65970
23043
92954
61379
16684
34761
95116
88535
87010
51250
66763
78940
27070
24269
17767
95720
40874
62200
53210
47566
84020
28997
65355
88155
32181
45570
86519
55167
65822
45503
90305
78842
53551
83133
40691
92945
42328
74711
55317
59584
80043
91098
89143
80750
42547
81172
71134
24084
97082
86944
97396
93446
40508
33838
80653
21595
87571
56336
46066
93054
94871
56601
70887
41419
68144
71568
44273
35722
16293
38807
96848
16137
10822
55348
31219
60554
95307
55337
33550
15374
17542
11523
45860
47813
34925
38247
61444
42449
58772
29627
75458
49992
51019
75826
17625
53976
86647
39786
89149
22397
44407
89303
42725
19743
32993
22412
30373
99762
47506
25770
96833
55080
65387
85265
79594
91101
62258
78925
99394
91677
16080
27677
98703
63637
16293
22070
86432
71111
19834
62822
85265
11585
94756
35538
65239
80709
48243
92336
12169
39692
92381
70343
68143
14532
49945
34329
42156
79294
12904
65750
26170
14212
61773
78718
65389
78227
64807
43701
17321
56132
50895
41841
70024
82059
59821
83379
51978
26748
86089
26610
70060
42797
89273
88458
18203
72201
51528
52066
70206
36087
80323
98827
19954
55005
10679
95482
88465
14350
76806
79531
37060
67951
98109
10589
46169
51002
35075
29600
38021
80551
99058
87010
88968
28720
22655
28391
98462
45086
93597
23286
80956
37808
64638
93901
40140
82532
83869
38591
19884
86389
71392
69059
54074
84755
40481
13918
39106
43801
59018
10464
61600
20491
11425
42462
38186
16128
68657
44746
53848
10904
47900
53480
95588
68970
71058
39981
94505
92612
80950
84699
36814
68625
38285
64558
47115
42107
38859
64035
43536
78042
12398
27587
60327
60472
10501
92255
29053
22554
95382
97027
15659
66168
39671
83966
81698
11104
65992
49860
59465
59498
38910
71294
14172
50548
60134
30615
45006
55834
41485
95764
80717
24966
89410
29523
60760
68706
58710
81545
74182
20174
48077
42845
56622
82726
98464
94880
66351
35902
97672
52757
36111
22373
72564
13469
35065
80232
73428
96712
93873
23087
30572
30882
65783
97477
88890
12237
87472
81216
13062
39363
78864
76109
51396
23459
74176
38703
52451
21131
27890
56615
97369
57717
70609
84046
93342
35575
93191
54705
11132
29975
85698
29130
88408
92260
79332
88603
25441
57625
25633
67183
21400
81239
88003
80510
29158
89348
81534
41125
46098
79685
91050
13577
53359
16612
82854
38919
33886
49894
35111
77010
38499
63983
27420
14376
66123
45410
26700
46862
18527
43916
15905
82129
96762
30281
80475
47757
32942
62747
92234
96108
55955
45493
22096
18524
46976
54508
40419
68124
72352
99147
95423
12785
66966
15216
21312
30883
76909
23235
13081
33755
43327
95521
78227
72113
45155
70525
52038
25426
95100
83533
66641
76509
59266
24158
17128
96763
44115
31075
19524
72176
90698
42976
70175
53655
79402
63224
45253
79966
18013
89768
85972
43428
51829
36276
91454
48326
83642
66097
57843
10733
35191
48798
64615
97950
64403
10530
69239
17124
81785
10749
78745
52151
16223
67592
29778
93202
49251
24175
42093
34356
90770
94159
31910
94448
60430
96077
87862
29571
58471
11426
84286
22926
47189
31294
23943
53554
34263
15914
30212
56154
24864
38652
19783
97349
35818
68559
42615
41220
99295
90941
78795
25693
93155
93651
40273
16438
25187
69470
93478
97062
22082
52579
24904
93550
41613
21244
38911
37211
89251
50123
76280
70546
70741
33848
91291
86756
54050
28760
25011
85416
57072
71486
63946
97602
10714
68622
82686
40924
23394
56897
25846
42279
88814
25504
71113
49092
25027
37672
94170
41894
11780
93508
14837
46905
62165
41186
50321
51880
54288
70105
26298
63814
61518
94725
26883
17859
78926
39440
45512
61114
96664
98810
79659
22149
45022
69892
37599
35035
83909
81315
24860
10758
47601
12752
62003
31330
23679
55209
66297
96499
53498
20117
47339
35940
77889
85426
30812
54908
86447
68790
91115
37845
49661
14907
91587
40717
93927
76360
81437
24724
39976
69191
62250
23484
72299
24208
30245
28515
25500
89882
30162
22248
62931
17027
98268
74406
40235
16315
34603
21859
34819
56117
30507
28107
57648
36934
50931
33369
52849
53102
49044
49675
56554
19929
64254
49064
31853
50769
72139
28667
33567
61266
74765
13179
81868
29138
94084
23411
32087
37095
80351
84085
18955
53372
46607
96496
73053
81626
38094
57158
19581
10089
14448
20343
69448
26092
60496
65819
39035
24458
48421
98629
69339
60757
48618
88888
38272
32234
13765
97425
26911
56474
69759
18050
10871
46272
39328
40357
88554
95884
34985
73543
43318
57741
54859
79747
42322
71380
27799
73977
78772
87156
85151
29486
37540
95297
34565
94742
96921
65225
89769
70179
92327
95179
99328
60174
59500
89850
80358
58001
36278
61069
57217
90869
35121
50472
63423
75109
18703
62207
16537
16541
71928
33647
20351
80456
87699
33229
37718
18375
19905
22611
52716
36792
39409
73292
76040
59646
72292
68179
13437
15782
16872
42930
54126
40214
73754
59523
50341
50426
44349
19391
81219
82182
42981
92413
43911
43672
44042
49364
72714
49381
48395
77460
77180
87140
18594
85411
58901
77132
14491
43688
86981
96136
53119
57223
58989
12292
13342
58769
93184
22193
27958
46317
31911
63480
74335
78284
34796
39616
55388
80865
48470
14836
74855
53831
40535
78645
13646
24413
79990
16663
97665
85678
93586
25214
78269
89217
42136
89381
10898
22214
25419
44307
40847
82486
80351
22647
80561
60534
80162
76270
28840
14634
14797
81681
77180
23177
67842
99786
85695
80333
39073
75732
97286
30130
34528
83002
66380
56169
42473
58534
32001
50886
91666
30850
53002
39409
66404
54060
33522
59407
35425
23001
34593
38905
23047
35858
82670
15613
76677
63546
91307
77545
49434
73947
48909
71273
63691
27125
67981
77405
34106
86996
69575
72672
41278
30753
20720
30745
41774
93722
55833
34120
15432
22129
34189
90292
83193
35731
59459
40567
50263
68726
35401
46344
59664
26841
38352
94726
38687
97161
53067
72422
47754
29968
90608
55000
45771
45899
21786
31037
75621
84781
11673
47561
63996
61920
15892
25835
68759
22946
63996
12919
96024
30257
89966
50160
24035
55197
33504
11951
90088
83401
20387
15615
18901
21096
15637
24579
34662
39465
43422
59168
17964
39756
23809
86874
17143
27945
21504
63998
26042
22430
22920
69654
75132
84116
87597
63412
81121
44416
56365
22460
60996
75023
22644
30914
96163
49640
16670
94756
33961
31775
79787
14784
44933
20777
98247
37528
19783
20032
78832
15764
49890
82118
95694
67584
79911
49410
70136
91101
73835
17779
10805
97222
50998
98302
30994
50002
83772
75701
31361
52231
81289
21815
84541
20156
80657
30906
85248
26368
84275
94876
60253
45660
30167
74585
57906
22831
13896
21387
53657
11897
25733
11474
86236
54047
92988
21955
37218
36043
50828
16979
78702
42231
41088
19646
21774
96024
25568
11186
22576
75067
93079
95969
75719
48296
92864
14945
97432
27799
27415
17265
98543
81686
42143
27667
47218
61940
52810
28555
23443
12341
84690
69220
92751
67298
96868
97076
41726
88800
68260
61788
11951
40852
33255
38222
89930
26200
62955
33236
59876
52259
12739
27147
39203
38067
90418
10194
36106
78429
14210
52669
35540
61479
66320
68927
22968
34073
91895
26316
78793
59580
50762
65461
94955
95754
12825
22739
25229
93454
95852
32630
77994
89386
17165
74371
23960
97598
92476
75879
47733
11283
74993
21891
66175
74874
75902
29611
35917
41061
37237
18374
59587
15832
42655
57957
48751
50480
50735
96209
98011
36099
47986
47923
79075
33405
42649
26791
38770
66533
37934
72531
70843
85107
69880
70001
93986
87100
10894
70947
32380
88002
85243
15283
98290
94732
43493
15123
36942
42002
43682
51193
31716
27378
13163
59515
18513
27755
68935
37058
84596
19662
16074
83993
56344
91623
94489
61743
28184
93833
89602
99509
52632
72447
19998
59729
90242
70297
68420
37770
51491
34710
51123
84830
57664
64509
73948
62600
82509
85125
77976
56315
58759
51798
17375
93984
87409
93533
76086
87774
64565
50648
82114
22329
89443
83528
18105
81361
58732
11107
41907
46003
36548
33129
80264
93039
85260
14500
22664
73541
66788
17982
27911
20843
32049
85246
75554
62301
61972
14157
68613
86009
39681
81310
95509
58398
96579
46015
27935
37861
65471
55531
42831
70647
36521
38574
31094
14193
10430
83385
74351
42717
22234
35508
47874
23594
20159
88365
79561
61376
74395
79876
51674
85844
96296
99538
74165
63320
67086
69665
82444
80467
49668
85644
18934
29690
51742
78998
91901
62942
20616
30075
70834
88233
91999
60443
34073
60106
23600
55370
70777
11547
13223
78575
41589
24571
59168
98432
10946
36550
78991
88037
44741
66634
95668
98673
54511
63832
34561
87585
83074
12175
16066
18079
18902
83883
68990
41246
46317
57723
67099
77163
12769
23745
71785
55068
77690
95406
16877
43377
70344
38844
78633
63852
34174
70074
73498
48957
14329
38629
66936
98630
81176
25870
95932
27604
21155
40349
83755
44269
96518
98570
95241
67496
10073
24838
68454
25092
94395
39696
92239
87668
38610
84689
82854
69645
39815
93457
57646
96508
78810
39658
51543
84042
65420
69726
16435
90008
35433
45860
85628
33931
47431
28248
11170
64793
98331
28380
87323
70858
88776
17735
64890
94579
46153
89270
18008
74790
80855
41915
56533
40266
61175
67280
12342
67412
90949
60505
36333
42730
52685
24697
98367
12893
41487
39365
78833
95538
80623
99721
23437
28168
77287
50167
17118
12638
60838
14068
91207
82132
40841
67759
60093
55376
95200
36291
14385
43688
68257
28052
49366
88354
17448
66599
73149
52616
93527
22791
63850
75264
90171
91019
53865
33898
25847
31724
52541
79723
33057
11380
31635
50903
60682
64677
25080
89289
75792
25446
69338
95877
64797
97267
93869
76376
88479
49988
41327
74800
84003
15673
18181
36130
64508
28686
50024
77128
82734
97925
54670
90905
71640
13094
13520
91934
45877
22337
38262
89777
37570
19324
85515
85204
45516
90292
13164
49235
97721
30256
81802
12070
35700
51117
17459
20354
19830
16925
81821
47708
73753
29704
93980
29592
56680
52017
19603
41545
79271
32496
22108
54753
47567
52354
69095
62797
60631
82189
74448
47428
52019
41461
68044
46667
80426
17929
48975
19877
52940
71648
22344
11710
67356
56942
86650
51212
10937
33593
79941
54369
11452
97819
57335
91451
16347
19393
64979
93806
82911
13694
96422
25821
10149
37724
43622
29497
39380
43146
64661
62007
41696
98061
25708
71883
63370
52882
48204
85449
50510
60109
13659
32976
39870
27377
79281
45714
26873
84747
75732
45462
38119
23899
82305
15809
30695
57452
87184
80625
79871
95254
97658
18460
36250
37913
89265
22814
81587
86375
11570
86572
15263
11783
77202
20397
52953
58959
63964
97913
42514
11861
86146
45866
51589
40458
73637
13811
20431
92547
14452
95886
97221
25801
40477
63329
90600
88384
71452
76597
46836
29899
93721
94416
95415
71790
45086
15796
79834
30091
31677
94909
39684
91848
65818
32446
49566
83003
80574
47708
58143
56165
31825
97250
99761
33492
33352
68413
51218
94084
18180
22947
36487
66481
40008
96927
47537
12100
33032
86790
63364
24899
88049
77683
28692
19936
38197
56478
78636
75986
47062
17804
39507
81740
86301
47776
35737
46631
50882
88351
95643
11919
24167
80687
20163
22919
51545
33451
78992
94109
14397
95929
11469
77953
91123
48075
42928
84478
14769
46652
60765
99718
43816
70584
35800
76244
97915
72543
93324
31151
31871
38388
29795
64935
53888
86210
88640
14262
57329
75297
72230
25621
91348
43683
87210
42030
95501
83389
27598
29640
78493
32021
33622
88496
21004
60797
56105
75420
18753
86532
25532
50164
78336
50806
60687
48948
71121
65649
44255
83171
75033
76988
41186
17252
65670
61775
73819
56800
52278
86337
32171
44138
58439
58321
38762
50101
12600
32049
17289
14766
46202
23455
27411
12756
95214
10695
51039
35390
63139
12484
33344
87680
14134
45687
47713
10218
57918
84824
31238
91471
24845
81924
40114
52505
57048
38111
99851
39005
50271
84409
61041
35041
86529
90926
53703
23657
51210
47782
73036
25499
13919
64734
39339
64510
89749
68873
43882
23943
82270
67588
75312
71061
97773
24121
46406
31898
33501
45483
30002
82609
23789
35138
47229
49110
80369
93139
84348
11472
40594
51828
93790
20994
28469
43482
22644
70278
39427
71941
47642
27947
57715
75070
61576
11257
32002
15369
59331
49121
88304
59873
62124
83555
10377
84875
29516
63429
11046
35428
19699
66551
41011
89704
13803
95782
45183
12130
29731
32897
47342
58994
65867
87517
62074
33629
59946
91781
46321
95771
57635
63504
52760
81637
45860
43447
73436
72379
15493
67286
80250
52058
80240
81099
70155
43515
19805
20936
25339
12077
95660
46052
62451
40269
14343
43069
76435
35401
81568
12258
13198
50110
57519
35062
70389
91231
63667
36022
74112
26537
74170
65267
42240
59423
56348
61396
85804
99755
12592
78868
57341
69120
20093
36401
34943
30214
88619
26278
58610
16854
52914
23496
91624
80506
19512
19778
73422
23966
85853
94913
60681
54001
59006
44353
95777
14193
44722
48031
15284
24639
16494
62262
45567
47179
75393
43637
57539
96647
64522
80540
84378
80997
52564
20064
79751
68056
74120
57244
88886
75602
80581
57399
71774
53174
60049
38233
55465
77707
90423
14367
30745
50502
19733
84002
28850
42449
23431
71692
85144
92714
99402
43874
90536
97106
77212
42133
60681
61917
64305
98400
49366
64484
82920
65903
24496
14407
80046
79868
71381
98108
26900
27013
98919
74392
78618
97349
36238
84012
39398
63269
56244
98999
99114
16641
46810
35439
49471
14862
99454
42442
22597
69195
91864
28321
95726
84479
55052
76506
75129
58367
64309
68553
70667
95243
26317
26796
72261
66145
73346
27442
74009
24789
33429
36941
81800
26387
36127
22376
24676
42150
19079
54115
38647
18157
86528
18198
52029
69811
81524
87549
34530
27451
86206
28564
65739
61192
45559
87688
77390
80522
89280
29968
76555
99495
44211
11844
96799
23159
39567
59780
93984
55892
84621
75433
26199
99345
91163
29221
59938
10850
26195
68517
90394
38895
94766
83700
73158
20106
49920
72619
41650
18347
52761
82157
55698
52849
42626
30852
35260
57162
98008
56173
13513
67428
62046
59652
86505
35775
54421
23746
52240
47251
32374
25014
83230
67394
36323
75827
43985
60001
93857
74276
83329
51451
89391
46924
59442
97202
40508
79065
77048
34004
84575
68328
55257
15647
48565
38982
95852
92852
19311
16520
38951
75801
13390
75589
19400
60613
63873
53913
40234
99945
20670
29347
65301
43381
37944
63000
11500
36853
56058
27693
91406
49373
47318
21305
79641
26685
10870
46912
81155
62906
46481
32827
19193
72032
50357
60621
56959
14566
23120
99793
45980
69997
58404
77969
71357
89809
58676
17790
78954
70571
37418
75696
89683
91339
58898
32013
43616
74577
65145
34857
71914
16220
70034
63265
66607
92046
25386
60901
61070
68799
61452
26700
28382
59811
60548
39593
43729
18854
62887
87604
75983
68529
20530
26298
92247
57064
48285
63017
83018
58315
91355
83009
95442
42555
27822
22978
56348
14375
23940
35636
51509
62318
47192
42659
54390
92365
65162
84452
30663
98194
35144
57014
58091
59143
64810
71721
62120
80110
12298
61256
10371
57095
72330
89058
89614
53558
30632
57890
64309
22519
70416
81349
27551
33999
92670
80387
26543
76678
96199
19989
45973
31987
27501
68562
14640
66638
90259
93512
74128
74188
35455
85434
17913
79934
56574
84668
51762
53254
96763
20879
17085
70263
76543
40948
83662
69364
69909
49540
90594
38775
78405
96190
24622
13720
21448
49057
16116
78604
47138
96254
40831
50924
71369
14500
33590
88296
25944
53036
93470
75748
69951
97422
20124
63714
83900
13870
74643
59366
13368
55192
87441
57355
31184
48587
18634
72996
77524
42405
34054
18318
12026
89159
44390
60940
29040
34560
96321
44145
22038
36484
92501
58669
35900
38200
74993
26322
54663
33029
53270
92259
43650
16950
18860
20879
69359
86223
55257
31054
22090
48020
61790
92132
62561
97040
84053
75962
35417
73125
10828
50493
96305
15283
26655
45536
32145
68978
47289
85502
39072
77451
85657
50652
19480
89107
75163
44793
80354
87305
21256
85491
53016
86500
35302
34914
61128
21520
75792
48555
90738
36844
98760
82576
54718
70315
35374
76182
70237
47203
77208
29451
51545
49794
77445
49752
61740
80157
95795
47612
87783
69795
47760
78084
37677
74322
99338
10804
51522
93597
24427
89119
64576
88657
12661
39462
96654
52176
64692
42982
35700
67574
85126
59423
90649
74983
41654
85593
89671
97781
64183
39715
75021
19832
23133
19286
29044
71465
36240
72394
46068
29410
41575
64017
40846
85921
66790
45217
86927
56742
14965
21374
49455
54542
91881
25657
97824
17858
52262
79551
61589
41067
59929
80537
18821
56805
19018
60777
51479
35931
32961
41997
34714
43690
31088
77191
47743
93668
14627
48214
46648
35850
17224
27849
72350
22625
69100
94255
14797
24780
85329
81011
83256
19467
16017
40936
37162
68863
64041
60618
97898
37483
95928
14439
28011
18456
84562
64904
90095
40199
91637
38732
91149
13255
44575
87191
15634
59016
31617
77431
84879
80091
90995
42982
92134
44113
16638
35428
33087
72491
94517
43574
30484
77876
78677
25507
64265
85988
21120
80067
21652
53513
46642
98083
56282
19996
27267
36061
98288
92264
94149
42836
29627
67247
33097
12294
73295
32072
44051
70919
45843
20114
52255
39399
49381
94306
23626
76873
91880
56430
88659
48198
64261
25306
58789
49442
71860
50698
53386
16473
57095
64707
95997
60906
75516
89019
51607
21626
78840
57488
78634
91167
19469
63688
83924
53217
23864
67232
24584
97996
29359
45212
22621
72976
30291
25683
30414
78475
42717
28947
44882
10575
60679
50863
85724
54348
66419
81466
45564
49591
35313
62262
80792
61189
31602
91238
34797
40479
15809
49408
35700
69395
74422
66577
79221
11243
19034
61678
88135
90807
53529
91618
76966
69403
84018
39344
46021
82834
79645
32577
91284
79554
50951
85817
92464
69919
46440
33170
81305
94109
77372
50912
76807
69021
34415
55615
37348
79553
15926
49389
70359
59497
23356
39461
62777
99668
76858
68636
33538
95438
37921
59524
79179
33411
89407
15202
63787
24536
63568
11897
88481
55952
65123
41925
64702
22235
23009
60426
57738
85296
42501
30743
24918
97137
51025
95009
69098
61732
83032
59799
22805
54775
39509
45419
30256
88176
92754
75645
94332
25811
94206
78211
59261
20317
58233
82968
64737
55000
90683
96836
86537
95385
59506
37881
45359
55342
36893
54863
63203
80134
25366
57781
44133
99577
33729
54421
97456
84876
36582
63438
88702
61301
37350
51127
20612
82959
85718
52345
43676
33965
23518
15720
89688
44468
36890
66472
40473
43642
37831
72531
61749
62959
27983
85827
70859
11247
44364
90887
99301
49032
87031
25474
59686
22476
94499
93735
31259
15419
26869
56594
10505
19314
74968
52991
10150
79873
15553
45908
83399
38379
82640
93974
17820
65845
44600
96085
95718
56987
31879
88698
13241
78018
39445
11437
71611
80849
69914
38097
91474
67469
76122
61699
41226
29901
10335
62922
36840
17482
22785
77777
92436
73307
45106
88889
41300
54250
28773
14683
99018
96132
37895
47088
95852
13073
70379
65994
10361
24664
39113
58274
89102
37342
83488
16717
18032
64332
46618
32070
45631
98735
85180
68831
90411
12326
17033
19360
37855
15458
29165
16418
13593
53561
41804
53879
59391
67668
16647
93078
11670
54111
46991
10222
13855
74437
29518
97610
39381
83614
32991
25128
34116
66496
82767
18778
16041
45584
98029
92609
32136
88418
40113
66268
21766
29696
45734
63007
64136
17223
84794
75952
92742
70576
34751
31303
70866
91460
67396
64632
23436
34861
37365
51465
47904
40195
45863
44332
45659
74079
54920
78395
53659
40098
51142
38085
63529
95511
81756
80174
93310
51462
63345
76484
86978
58400
42842
25247
15774
33013
98882
79988
36850
94845
42092
94887
88487
37617
68491
13294
10721
89454
55521
92636
21447
14705
86735
38882
26953
79514
99960
14841
15654
93531
68530
73337
89116
83902
28242
37861
68716
73341
85387
16122
12352
58986
62750
59694
60336
54796
29926
26987
62010
41503
97705
96504
83005
93247
49849
23027
14171
89588
45451
71604
74811
66225
43315
52368
56184
51762
84007
22575
75716
83222
16782
85806
93133
28287
97740
25815
67371
35496
21502
79839
36528
63863
89254
73757
66836
64041
21744
62913
42150
41868
76372
48197
54238
18538
68084
23734
69158
84232
28070
70775
11203
49042
48497
28770
79146
65913
81995
64915
48404
74705
40372
55976
57461
19905
61438
59696
59263
72208
98710
94824
88935
13591
11206
99835
10070
32735
55534
26942
46333
23368
93571
49054
29761
45598
62727
88088
52887
93174
55561
85840
12094
23954
75039
65102
56435
85858
79413
15861
65362
12323
73081
46713
53172
28948
67285
62744
66899
77162
60856
78484
92795
25318
75233
94886
90630
94876
21322
12522
73026
39855
74805
21109
80986
54729
53086
58185
52698
32987
80397
69781
39288
67381
97649
84145
75256
60730
59492
14254
31085
90361
53672
90879
92446
53579
92796
92778
87059
94314
97689
95248
97773
81546
37670
31716
22843
61341
56536
79690
54497
62653
31970
42569
91256
64246
14419
23688
28723
15583
39217
34621
77864
35340
15911
49407
57030
77716
99511
51703
22193
73107
69233
52088
40481
72382
60581
96213
71157
89198
16646
34935
49148
51654
86376
19347
33140
47142
18923
46236
57727
41000
58831
94413
27851
40190
37317
23064
94978
17597
18948
14386
25154
83502
18890
28876
14094
20383
73513
65553
71135
18340
40748
93235
62668
81478
87818
79129
95028
10734
44124
68780
25516
70498
65678
15073
77368
98301
84189
19320
83288
58470
46815
85680
64389
20660
19617
18814
33588
97039
68630
16316
53872
75320
86829
46242
26142
58160
49373
96972
55886
53538
93766
41688
20405
71444
92390
23905
36140
90286
69134
58399
57393
35402
18418
93955
25588
81936
13951
71067
60662
32825
74043
71317
55879
69084
51231
71980
87583
25480
80405
66749
83883
71918
77459
59487
15623
33088
50477
29760
21192
47985
23009
85365
60730
80717
17770
10598
29609
22703
73332
67005
33300
71361
96396
28400
15419
56152
53112
28398
58290
63184
81844
11634
59189
98575
72198
42273
12117
76439
22277
69211
59953
73253
13375
53966
78609
61911
20283
20087
15656
24888
43499
69264
20304
48867
82735
33681
40818
23732
85327
89187
61236
47209
63063
24686
33410
53806
26357
68123
10127
82898
59082
63782
82690
51703
91072
79917
82694
76801
60679
50992
53659
72351
47492
35239
21005
85830
16065
57798
58342
56750
98849
56633
66626
97723
87932
55316
35431
53361
65587
90390
23700
70410
71566
32936
63682
63823
74342
18788
92798
95006
82536
17272
99628
62184
43666
83413
40471
16483
92366
20243
94869
44507
36972
48463
15666
73309
93631
56996
78323
52947
19737
11407
58000
90181
45454
94212
77123
13000
64395
34301
49451
85841
98650
47680
21206
57552
34284
98558
39393
71224
14920
88313
37277
67689
23803
65893
61102
68384
57164
58617
57280
29466
81353
82916
31922
41529
82786
63931
32508
17859
43755
70684
39169
17988
40102
27548
67023
86165
94970
90642
55647
63414
83314
33581
97404
63776
85484
15391
84087
92668
47246
36286
65899
10679
84132
35521
35725
64775
71659
51065
85517
59580
77067
87216
92359
29744
65943
20952
77392
39892
67747
80497
60965
83677
96026
57779
15351
89936
88964
16601
29723
92154
17351
43740
64497
40814
47141
16754
78894
96199
97451
73452
46902
21682
41447
18792
10452
50688
49445
30539
86332
40207
87107
18132
31050
29470
81769
16476
92960
78748
28947
28948
38703
97713
91099
86430
71285
35174
67395
62369
30752
41028
83250
15808
22853
13314
21752
29397
48926
43904
79770
50200
45276
99832
27938
54659
63522
77068
83780
49562
54576
88461
95726
56575
18862
74257
67183
54257
77054
91974
34623
69524
40413
16703
15062
49649
13569
27591
43078
18936
76642
41727
72348
29777
91595
37732
34497
89332
32635
24423
21516
82818
80685
71738
65969
16134
54863
41305
38576
91456
48284
24148
68034
64053
74429
60454
48463
49698
41597
71747
81142
14924
30905
68890
87385
45090
63590
17849
17871
19443
92323
62740
19405
37644
96879
97971
31766
93116
14875
92916
93316
10750
34633
79737
92360
65565
75825
50263
64169
32241
18429
52263
50555
44960
99333
91713
53375
61950
44379
49984
36753
35178
88795
66319
67821
84429
64231
19847
47326
70631
24538
88374
89484
92405
65157
45767
57631
58941
38779
76848
79592
45671
72330
92397
94114
55333
43350
98123
27518
42064
22828
68063
20953
87088
32631
94303
49622
25764
82180
30435
16690
20125
56025
67310
80665
19468
22506
21347
99306
34738
53095
81292
49539
18225
26863
35133
75356
56557
28286
92351
85893
57946
63385
78833
41530
15089
56341
58174
66623
53335
59475
83107
86647
26223
48895
61081
80874
46635
68319
36522
16049
48990
76720
95156
32556
24675
71659
26140
86021
26659
71362
67314
24215
46335
57936
64368
29632
68855
61122
28546
69284
34648
81592
41807
43240
42441
19428
22040
49284
22820
77723
74579
89636
35002
77209
88513
30396
73393
36798
66848
85902
52536
87439
53882
41902
61691
53783
49159
55722
73739
12786
25336
48392
49472
97002
43370
93203
74192
44201
15506
15674
27194
27517
97864
74205
22386
88590
44257
98303
28517
22880
70191
11214
40134
67438
65821
48532
47667
42606
46451
13115
44075
92513
76487
20464
29728
38600
86339
24246
77368
91324
15983
94940
31082
64631
86666
74895
50314
29518
50532
70700
25289
43658
31148
97119
44257
89704
79207
25612
73207
47876
89123
15558
22895
97512
58932
56588
80978
87745
86533
94732
96193
77230
44848
85116
24351
50253
50172
15895
95011
82866
93091
61746
69163
48692
17312
36362
33811
44520
81354
18735
53563
60804
18897
96463
38240
83218
16700
47121
52417
94834
28011
98437
34485
47099
44145
60631
45256
54568
15461
59864
48577
38976
76180
89708
34568
85964
99737
94370
38049
81600
12838
76955
72278
50469
99262
69116
22337
57994
60163
99831
79803
58902
26739
23893
66009
33720
12127
92819
40706
18639
65463
19989
58543
16825
23114
47861
44274
32376
46985
26253
63513
26782
16864
18391
81271
61066
57697
18804
37683
97286
31614
36533
41129
81197
76413
63108
44170
15010
14644
36427
76915
17063
37073
66033
21575
25735
19792
32341
42394
42913
60144
82686
64739
83983
26703
24278
94347
39258
56094
14643
23551
22086
87277
85706
66511
19866
61206
67953
23222
50636
56650
65275
57078
93698
38685
53492
14867
65486
76606
78720
95781
32229
70325
35171
50055
71740
43219
64456
57721
47131
81813
76150
52332
65421
84390
15675
91957
46178
67689
41259
91204
86010
32385
57491
95775
57428
21193
90992
93020
20139
32092
73300
25015
25634
96575
89433
28795
81071
73975
63373
74232
11825
88026
84430
68597
36917
10486
12827
18675
73118
85319
11298
35602
93344
16486
77199
25110
89572
51261
76979
77492
90381
18420
32914
83332
86750
70622
79556
70538
40534
88728
81420
95631
96119
54028
73598
53792
35182
90437
55275
63007
90654
53503
97600
71262
77211
79126
10429
95714
22550
82483
76535
88237
28909
54339
93001
56070
40323
17299
59216
13193
20024
94257
98568
19992
71032
99914
57022
60936
89071
17983
91414
19977
98333
44086
23645
42966
92972
97068
54463
63201
38074
27581
46230
52322
69534
86007
20189
23350
13366
41732
59575
44318
56748
10941
10016
21124
52110
17562
14425
72311
35952
13944
27865
62365
32683
44785
23882
75003
98612
92058
11311
47935
84025
71368
45370
71958
51630
55130
66122
91051
75775
34228
62666
53350
34992
31320
57277
33050
49977
21189
68938
77636
17726
84338
60597
17101
21182
91549
86876
65901
21665
63365
72090
93660
36659
85739
73759
72425
10811
71945
46068
93313
26078
71858
34656
57177
46546
86992
73555
11730
53326
49213
31013
48981
96815
11602
78255
56634
44450
12697
67955
97730
46355
74206
72989
69419
62475
23165
17346
90674
16679
95004
71865
15708
14280
74424
28911
92082
25851
82645
66193
71010
30366
69165
44333
30527
51211
67108
88685
45013
37541
72564
56616
26675
86305
43420
38746
79108
48662
20617
87060
50531
55107
40268
29149
34211
82967
36602
14498
46082
66736
65655
14601
11959
84264
98170
10116
40073
94740
39386
10636
95714
25568
40694
15456
57728
31583
27775
13396
93708
46045
39467
45180
64936
72917
22608
99202
12828
60049
23941
11718
40027
34232
13347
74449
49294
67555
90404
79484
92068
27123
16440
38171
24447
66199
60875
97820
88774
50169
38091
87993
32943
62433
92832
27056
95546
32117
48935
66056
92885
75189
95668
24682
13952
68024
32959
68942
28231
44976
54166
53066
30127
23093
58726
12455
66341
90826
49732
94422
29724
71981
70284
94830
75584
46052
56565
99118
89050
92257
32512
12874
73796
80068
17891
77070
63811
22808
94179
90686
83267
11876
65017
32188
48624
22265
13707
92066
86455
68875
37697
96912
24299
51034
27154
68169
48046
67105
99975
88272
52604
20305
36174
94501
72231
27267
98173
55748
27537
54625
38265
66787
63779
29380
39107
32250
38481
18329
66778
19265
22605
15789
71175
50537
67109
79692
45883
99984
57124
91270
57080
51646
13935
26017
84670
85160
53398
34282
59953
15464
61689
75207
72269
84053
29262
45842
25339
28622
33440
15425
69004
15136
55209
45614
34295
43338
38076
22125
73667
35493
15560
95589
51024
71823
51316
31149
56039
22999
15275
35854
43119
98965
88062
32619
72002
74366
52981
81913
27708
33728
84681
71000
74424
99895
72881
92716
67351
47550
43729
16813
88359
29752
85524
87157
45692
52282
36500
88047
77940
11587
33561
28564
28058
93928
38245
59421
19181
72449
70392
98784
41797
62492
40165
56796
17992
14568
82253
85492
70892
47260
69700
55408
27380
19725
90309
36687
88816
64576
31589
87509
97034
38471
72196
24092
24708
40486
65287
96011
12639
27871
18277
69014
56623
17455
23902
40294
33833
71432
34395
48345
34226
31406
93077
69721
10243
35514
58364
70560
95157
65280
49424
47774
27026
59853
49161
49067
48174
69364
40597
74656
84378
89742
58483
89104
22751
19629
69267
22529
91978
72380
16967
88280
34489
56493
26656
21475
85490
23155
56160
43266
18553
64590
68252
26613
74027
14436
50748
33499
47059
89215
20763
76165
29566
58543
33193
67545
78099
22786
77113
48027
25197
37017
93559
56955
39850
21216
60561
22864
53819
41995
58295
31394
16423
99625
12371
42975
49328
86770
22863
19478
79636
30100
27006
48400
37395
49811
59259
80797
14519
27139
30897
15329
74977
72008
33284
82508
42678
37260
56233
76893
66239
23753
35070
46396
52596
72616
23201
98310
75465
58826
12905
45462
48113
91749
14934
42414
77222
30127
86084
56306
82749
32967
16435
52901
81034
60040
31978
29308
26507
29831
68529
47474
34305
93636
30714
15899
36725
36767
46471
18657
92543
26561
38082
67923
81745
50600
21676
92148
32792
10303
74634
33155
73375
59457
10309
39217
55508
98324
86873
51937
55528
58613
56630
54312
86129
46845
72260
60060
66250
69430
83767
41158
53713
25941
18268
73095
67940
35037
93629
95823
90624
72760
15716
10970
64135
24587
19050
67428
11675
36244
71761
76667
90517
65919
76448
83836
72159
44633
63791
92816
11700
74332
97877
19652
82717
26607
26913
31750
34179
86355
93459
56676
78634
67269
98128
61376
94878
14456
85425
84938
99761
95609
36574
13981
88177
10519
87646
12596
66003
74065
25528
91960
66933
24338
25926
75957
47187
66403
86724
94406
43638
46120
45999
69410
91501
16624
28498
96768
52161
28381
26017
16840
51379
93782
38310
62221
11798
75571
86785
14356
50483
80426
76173
92253
73020
29485
50707
70404
32158
76875
76813
82215
17426
17866
50003
93682
93973
61773
38100
45238
34552
37616
16146
36470
19887
86990
15804
14596
33083
14194
40301
66320
72744
74049
14347
86817
60448
34459
30188
43398
57475
30550
68875
88252
53674
46674
85063
81538
68025
61224
43938
77697
21065
66749
33214
73387
77710
45732
66837
48463
26201
32192
13054
97722
83988
59460
65347
91040
66846
78410
73561
38955
17698
83354
81483
82380
82917
79534
22779
50601
40725
73349
28439
40640
80084
27457
41158
28524
73964
18470
68846
81499
80772
54368
92155
79469
35084
76120
57820
45850
68802
42968
37778
84944
26575
27439
63200
31860
27995
50126
14034
86896
56086
63627
50571
59095
38220
44037
20499
62705
87484
86738
12488
68406
47186
64197
68821
71193
24207
18652
10431
63827
57805
47095
44735
86131
53888
63552
17666
52485
10087
28890
49867
73523
88484
99687
79326
47321
40772
84788
88375
59487
96905
27574
71682
29156
52450
92048
74495
60319
96038
28311
46056
37023
56401
75971
98768
59390
70089
40070
46940
25719
38464
39790
85662
87538
20458
25477
46136
90571
46924
30549
47375
43518
89120
93284
43130
66117
74487
78763
60631
49480
67171
25581
22760
25511
11866
45938
78876
74386
93457
38640
58414
67387
82428
30918
77892
97088
98138
39647
64709
94709
41141
52121
74001
88986
94251
78065
82976
16085
26118
34170
72605
71318
23637
86946
51131
10694
66175
47517
84755
60534
27931
46970
78658
87491
18408
87067
19213
89565
40165
47868
91609
43038
94075
74704
31943
86545
44068
85515
54676
19952
35805
18122
78008
62585
78480
86519
83330
22706
81808
52014
55355
70112
30807
32698
43016
99143
64527
48697
98418
61363
53503
15311
89124
30061
20926
69090
69269
62673
50165
64699
84449
33998
40292
64997
83504
12357
18610
15626
68184
47603
79930
36714
20093
30580
92120
11237
69423
89330