800
1
1
1
1
1
1
1
1
1
2
2
2
2
2
4
4
4
4
4
4
4
4
4
5
5
63
63
63
63
63
63
63
64
64
64
65
67
69
69
69
69
69
69
69
69
69
69
70
70
70
70
70
72
74
74
74
74
74
74
74
74
74
74
74
74
74
75
76
76
76
76
76
76
76
76
76
76
76
76
76
76
76
76
76
76
76
76
76
76
76
76
76
76
76
78
78
78
78
78
78
78
78
79
79
79
79
79
79
79
79
79
79
79
79
79
79
79
79
79
79
79
79
79
79
79
79
79
81
81
81
81
81
82
82
82
82
82
82
82
82
82
84
84
84
84
85
85
85
85
85
85
85
85
85
85
85
87
88
88
88
89
89
91
91
92
92
92
92
93
95
96
96
96
98
98
98
98
99
99
101
101
101
101
101
101
101
101
101
101
101
101
103
103
105
105
105
105
105
105
107
109
109
110
112
114
114
114
116
116
116
116
116
116
116
117
117
117
117
117
117
117
117
117
117
117
117
119
119
120
122
123
123
123
123
123
123
124
124
124
124
124
124
124
124
124
124
124
124
124
125
125
127
127
127
127
127
127
127
127
127
128
130
130
130
132
133
133
133
133
133
133
133
133
133
134
134
134
134
134
134
134
134
135
135
135
135
135
135
135
135
135
135
135
25965
25965
25967
25967
25967
25967
25967
25969
25971
25973
25973
25973
25975
25975
25975
25976
25976
25976
25976
25976
25976
25977
25979
25979
25979
25979
25979
25979
25979
25979
25979
25981
25981
25981
25982
25982
25982
25982
25982
25982
25982
25982
25982
25982
25982
25984
25984
25984
25984
25984
25984
25986
25986
25986
25986
25986
25986
25986
25987
25987
25987
25988
25988
25989
25990
25991
25991
25992
25992
25992
25992
25992
25992
25992
25992
25992
25992
25992
25992
25992
25994
25996
25996
25996
25996
25996
25996
25996
25996
25996
25996
25996
25996
25996
25996
25996
25996
25996
25996
25996
25996
25996
25996
25996
25996
25996
25996
25998
25998
26000
26000
26000
26001
26001
26001
26001
26001
26003
26003
26004
26004
26004
26006
26006
26006
26006
26006
26006
26006
26006
26006
26008
26008
26009
26009
26009
26010
26010
26011
26011
26011
26011
26011
26011
26011
26011
26011
26011
26011
26011
26011
26011
26011
26011
26011
26011
26011
26011
26011
26011
26011
26011
26011
26011
26011
26011
26011
26011
26011
26013
26014
26014
26014
26016
26016
26016
26016
26016
26016
26016
26016
26017
26017
26017
26019
26019
26021
26021
26021
26023
26023
26024
26024
26024
26024
26025
26025
26025
26025
26025
26025
26025
26025
26027
26027
26027
26027
26029
26029
26029
26031
26033
26033
26033
26033
26033
26033
26033
26033
26033
26033
26033
26033
26033
26033
26033
26033
26033
26033
26033
26033
26033
26033
26033
26033
26033
26033
26033
26033
26033
26034
26034
26034
26035
26035
26036
26036
26036
26036
26038
26038
26038
26039
26039
26039
26040
26040
26041
26041
26042
26042
26042
26042
6865618
6865618
6865618
6865618
6865619
6865619
6865619
6865619
6865619
6865619
6865619
6865619
6865619
6865619
6865619
6865621
6865622
6865622
6865622
6865622
6865622
6865622
6865622
6865622
6865622
6865622
6865622
6865622
6865622
6865622
6865622
6865622
6865622
6865624
6865624
6865626
6865626
6865626
6865626
6865626
6865626
6865627
6865627
6865627
6865629
6865631
6865631
6865631
6865631
6865632
6865632
6865632
6865632
6865632
6865632
6865632
6865632
6865632
6865632
6865632
6865632
6865632
6865632
6865632
6865632
6865632
6865632
6865632
6865632
6865632
6865632
6865632
6865632
6865632
6865632
6865632
6865632
6865633
6865633
6865633
6865633
6865634
6865634
6865634
6865636
6865636
6865636
6865638
6865639
6865639
6865640
6865641
6865641
6865643
6865643
6865643
6865643
6865643
6865643
6865643
6865643
6865643
6865644
6865644
6865644
6865645
6865645
6865645
6865645
6865645
6865645
6865645
6865645
6865647
6865647
6865649
6865649
6865649
6865649
6865649
6865649
6865649
6865650
6865650
6865650
6865651
6865652
6865652
6865652
6865652
6865652
6865653
6865653
6865653
6865655
6865655
6865655
6865655
6865655
6865655
6865655
6865655
6865656
6865657
6865658
6865658
6865658
6865660
6865660
6865660
6865660
6865660
6865662
6865662
6865662
6865662
6865662
6865664
6865664
6865664
6865664
6865664
6865665
6865667
6865667
6865667
6865669
6865670
6865671
6865671
6865671
6865671
6865671
6865671
6865671
6865671
6865671
6865671
6865671
6865671
6865671
6865671
6865673
6865673
6865673
6865673
6865673
6865673
6865673
6865674
6865674
6865674
6865674
6865674
6865674
6865674
6865676
6865677
6865677
6865677
6865677
6865678
6865678
6865678
6865678
6865678
6865678
6865678
6865680
6865680
6865680
6865680
6865682
6865684
6865684
6865686
6865686
6865686
6865686
6865686
6865686
6865686
6865686
6865686
6865686
6865686
6865686
6865686
6865686
6865687
6865687
6865687
6865687
6865688
6865688
6865688
6865689
6865690
6865691
6865691
6865691
6865691
6865692
6865692