14317
18407
19364
28746
64198
86180
86614
130205
130614
152659
153377
153736
155552
163757
172154
183968
184661
191052
194110
216799
228140
233936
249492
251542
258195
258453
265303
279806
281705
327341
329910
332929
337559
347945
353219
359785
365563
418625
438811
455322
491601
505686
519353
537643
545935
553401
561011
578646
586996
597339
599410
603670
641496
665012
666884
670298
696192
718456
724057
729937
744302
760147
762708
769897
774135
797319
811095
811846
814000
820826
827157
841569
846197
855004
874124
879813
922246
922339
930007
951467
963792
981873
993939
1002486
1012434
1016340
1040473
1055732
1056504
1064527
1069599
1078161
1092220
1108418
1125421
1127214
1129167
1136784
1146478
1186558
1208986
1216013
1216652
1231179
1236072
1242426
1248185
1250893
1279058
1290171
1298258
1305573
1308218
1313907
1323492
1341700
1362479
1392785
1398810
1441640
1442486
1458385
1495186
1496891
1499942
1508467
1518133
1523780
1538260
1543237
1545957
1547722
1553943
1558523
1583020
1587571
1624727
1630576
1646512
1647899
1648286
1676431
1705294
1713829
1717161
1717459
1727989
1729025
1731986
1736912
1737300
1752473
1753644
1762345
1786295
1793836
1809602
1811916
1816055
1826333
1827073
1833056
1836742
1840600
1856447
1860112
1921812
1923675
1925841
1926478
1933289
1940574
1947498
1964753
1975198
1992165
1998839
2024989
2039933
2084839
2099278
2115074
2133230
2158913
2166785
2174580
2179210
2201769
2203278
2221186
2245762
2252752
2255169
2273448
2288458
2299523
2312090
2313527
2329641
2329841
2345389
2350036
2351650
2357605
2360603
2362700
2366840
2378075
2381881
2390400
2390704
2392200
2423235
2429801
2433554
2447288
2448126
2461262
2466352
2484694
2512605
2532892
2534977
2562701
2567923
2583545
2594317
2610816
2613117
2622650
2663920
2669936
2691934
2694218
2696975
2704680
2720228
2722506
2726519
2753616
2754410
2760669
2784306
2800605
2805960
2807166
2825991
2829391
2836038
2867541
2870700
2891317
2899554
2909182
2912482
2919520
2945120
2956830
2961200
2961415
2971136
2992824
3028799
3036972
3040405
3041576
3050426
3059967
3087360
3098108
3098643
3101771
3111519
3112029
3112826
3123370
3132903
3139635
3159415
3163456
3166332
3181524
3190677
3196195
3240649
3251658
3258147
3276114
3289044
3293883
3298290
3322775
3327881
3329898
3348755
3368257
3371050
3378279
3379494
3388110
3394782
3398091
3400389
3418799
3422503
3423817
3427805
3430285
3444179
3453256
3453876
3475607
3476177
3481020
3490406
3494156
3495366
3498517
3512456
3512529
3530757
3534115
3540197
3540789
3548458
3555149
3579104
3579302
3592951
3599954
3620734
3627135
3631990
3635266
3641499
3655757
3670260
3680309
3700209
3701877
3702380
3707897
3710836
3710984
3722832
3735066
3745438
3748328
3755325
3759132
3762501
3765865
3775653
3784832
3793013
3798716
3804258
3810609
3817884
3819210
3841001
3844462
3866658
3875180
3909092
3916009
3928440
3929358
3932090
3933810
3936465
3939899
3949460
3970897
3990483
3991693
4009669
4011107
4012863
4021145
4023883
4024095
4025565
4033746
4037562
4050356
4057414
4062545
4080129
4084128
4090124
4098985
4099784
4107419
4109187
4122551
4123621
4124320
4124506
4139133
4145024
4152077
4156741
4162045
4162656
4164463
4209025
4218255
4219298
4228304
4230502
4235302
4243183
4250322
4251723
4264008
4293174
4299913
4323378
4338677
4355112
4378160
4389486
4421289
4429499
4445160
4445863
4449949
4455595
4455975
4459646
4470053
4482710
4486022
4493953
4506752
4515133
4535557
4539610
4549542
4550472
4552722
4566443
4566902
4572924
4587499
4589458
4594994
4609503
4615398
4625987
4629781
4648210
4662444
4679288
4690804
4692887
4692986
4702351
4712764
4729199
4751630
4764072
4768015
4774530
4795113
4801999
4809806
4846651
4854814
4878983
4882007
4907915
4913621
4915095
4918431
4922825
4930244
4940802
4950262
4953068
4954210
4965958
4982262
4986591
4998567
4998640
5013795
5018659
5023445
5027854
5028538
5049547
5050173
5055058
5055144
5055630
5055746
5081300
5084303
5091869
5108087
5109164
5110909
5112902
5113639
5118461
5121036
5123180
5129634
5163747
5176563
5176801
5181879
5188412
5200642
5220342
5231860
5232545
5233484
5257987
5266645
5272917
5285523
5285848
5297653
5316584
5318953
5326592
5337200
5337518
5360767
5364573
5373700
5373853
5390524
5391176
5394305
5397138
5421950
5430639
5463482
5469891
5472178
5477314
5491236
5496658
5523518
5537515
5578445
5581929
5582240
5585475
5591427
5596336
5599581
5610510
5620897
5630270
5653787
5655072
5657287
5671018
5674492
5679637
5694096
5708076
5729736
5735542
5747266
5751537
5751622
5762595
5764380
5779339
5783765
5794142
5825033
5832347
5834472
5904916
5913226
5940925
5941979
5943485
5944282
5946967
5951110
5959643
5967980
5988008
6000542
6005366
6009833
6019934
6045404
6055553
6074002
6074638
6089383
6090211
6095535
6100548
6107692
6122211
6123167
6127531
6132083
6138575
6141278
6149372
6169766
6225318
6235058
6245543
6246120
6247083
6252443
6266115
6286591
6312490
6313527
6323952
6324428
6368691
6375720
6383152
6404662
6422509
6424794
6432914
6437572
6444982
6451004
6471510
6476831
6497754
6501603
6503047
6510719
6515376
6526303
6529652
6532455
6536759
6542487
6556574
6572045
6572273
6577791
6578836
6602264
6607374
6608411
6609092
6619079
6631947
6637758
6639277
6643786
6652436
6686385
6694868
6701150
6703476
6706872
6709578
6740845
6746535
6751396
6767334
6777992
6778744
6836064
6837514
6860737
6866773
6889334
6895475
6901499
6917218
6928962
6932438
6937419
6937586
6950769
6961074
6965006
6988672
7017784
7018633
7036242
7065970
7070880
7090756
7106971
7134586
7144976
7147963
7158289
7159853
7163758
7169527
7183833
7192296
7195116
7204573
7220844
7253221
7262365
7265281
7266895
7274072
7275064
7289690
7292909
7322725
7333096
7346161
7377585
7385049
7385690
7398638
7410179
7413409
7415527
7426382
7426818
7440015
7459264
7461025
7467870
7483340
7509895
7510567
7516241
7528029
7529730
7530069
7536480
7541142
7548380
7557299
7566571
7600042
7610875
7617469
7618135
7621167
7623044
7630412
7636563
7642048
7644964
7651493
7663619
7667142
7674597
7687729
7693317
7697678
7704228
7707067
7717571
7728062
7728220
7730481
7738656
7755425
7756561
7789411
7799679
7812688
7826061
7836543
7843227
7843626
7848897
7874359
7876943
7891295
7895792
7912226
7925645
7940922
7953561
7956648
7970270
7970999
7975483
7984737
8009599
8010026
8012589
8046564
8053313
8058958
8069874
8080990
8083317
8084842
8087219
8102109
8103784
8108154
8126334
8157634
8167127
8183516
8195567
8200939
8210783
8210831
8214755
8221611
8235520
8239776
8240869
8260319
8265920
8274874
8298910
8317142
8347596
8355088
8369616
8369827
8374238
8377455
8383558
8387044
8399858
8404271
8409775
8417585
8425407
8430993
8444496
8451039
8451913
8453493
8460931
8465211
8469622
8477606
8494177
8528176
8530784
8542346
8543911
8545411
8549486
8569238
8591001
8598615
8622221
8635809
8637924
8641287
8688998
8699162
8704101
8727290
8728115
8745249
8756272
8765453
8768638
8777986
8790341
8793408
8805986
8818046
8821336
8827292
8831484
8846971
8848486
8853614
8879215
8883362
8894158
8907029
8911084
8914119
8914989
8928015
8932425
8933167
8935261
8942524
8954954
8955874
8970316
8973906
8986070
8989727
8996676
9006241
9006533
9014987
9025417
9030756
9065761
9066802
9071570
9073152
9079456
9084055
9090010
9111112
9130069
9149091
9151961
9179991
9197696
9202266
9208728
9212795
9221212
9256558
9286376
9292323
9299382
9305182
9305848
9305862
9312073
9321855
9323914
9329836
9337248
9367200
9382041
9382210
9384649
9388027
9398351
9423504
9449371
9452013
9462986
9468574
9473768
9485444
9492732
9494519
9512485
9521419
9522384
9522527
9528269
9544653
9571913
9596724
9596969
9624245
9627228
9630076
9646184
9648220
9662677
9694434
9698220
9703990
9707691
9708391
9709290
9710935
9719955
9746197
9761382
9766111
9773005
9784402
9791699
9809158
9831659
9842515
9859605
9862065
9873392
9877538
9900351
9901085
9907270
9907409
9921223
9925709
9927064
9932891
9935439
9947829
9956140
9967548
9976468
9987328
10005369
10008076
10021306
10026737
10032072
10032324
10047947
10051526
10059703
10066828
10073116
10080410
10080734
10087385
10093981
10095749
10105789
10113401
10137753
10140869
10146561
10155816
10166676
10180906
10181892
10190276
10190485
10202828
10204402
10243245
10267026
10298387
10316951
10322689
10325554
10343670
10362086
10362884
10366419
10370818
10379134
10399581
10401212
10406296
10424552
10442033
10446854
10478160
10488451
10508623
10512982
10517459
10526460
10534256
10538984
10539613
10547176
10555317
10559587
10571324
10572020
10599380
10601680
10603566
10618552
10619360
10666002
10666138
10679267
10682857
10686949
10687154
10687216
10696893
10715960
10716897
10741043
10747150
10748194
10752122
10762135
10778853
10793398
10796810
10814670
10846857
10875382
10878376
10894318
10900396
10904153
10909699
10936214
10940453
10974815
10984967
10992831
10993007
11000776
11004779
11006680
11016045
11024543
11028523
11066522
11101249
11109900
11110459
11111631
11138791
11149290
11151947
11152818
11157038
11158163
11163786
11169975
11171703
11177728
11182199
11226521
11228562
11248550
11270661
11272419
11277669
11280640
11291718
11317715
11321699
11329230
11334505
11366139
11402429
11411328
11411495
11425765
11440526
11446729
11450432
11484412
11498771
11499032
11503939
11509740
11519591
11521526
11536464
11542248
11558857
11570578
11571245
11578878
11599502
11603588
11620874
11627516
11629496
11641304
11652868
11717792
11731876
11733328
11735644
11740685
11755433
11780382
11783661
11785472
11788272
11802821
11804974
11816634
11832964
11837772
11846739
11847918
11883832
11887049
11893403
11895507
11901803
11912270
11924443
11926371
11947875
11953557
11962523
11968655
11975307
11977790
11978499
11987883
12000279
12000468
12020965
12037855
12049923
12051082
12055063
12058423
12061951
12088049
12093852
12096387
12107777
12111125
12123333
12123354
12140099
12142133
12144301
12158634
12160407
12175497
12183677
12203065
12209968
12210352
12214876
12221959
12227897
12230776
12236611
12242073
12242234
12250425
12259394
12277059
12290855
12302343
12306116
12309557
12318181
12337199
12339745
12343642
12353124
12382594
12387212
12388105
12408201
12416149
12440952
12443782
12451980
12452187
12463419
12491804
12505303
12510996
12520280
12520995
12524809
12543270
12553103
12561276
12561747
12562701
12563111
12573630
12573633
12592402
12592614
12595587
12603002
12609639
12610498
12612363
12622098
12639606
12644359
12670652
12677842
12681737
12696185
12712094
12725050
12729665
12730702
12739699
12743058
12744211
12748479
12756718
12770638
12772211
12782444
12807154
12827682
12857406
12858071
12860451
12866160
12897203
12907219
12910077
12947290
12952103
12971583
12980116
12985694
12988686
12991285
12995296
13000188
13012609
13013451
13051346
13063461
13097309
13113503
13137593
13139893
13144417
13151483
13169303
13172455
13175537
13179472
13188462
13204723
13234716
13243835
13246948
13280988
13297154
13309039
13310062
13324447
13326898
13335519
13337755
13338785
13342395
13347988
13359881
13370007
13377258
13382381
13393216
13393358
13402706
13437159
13451479
13464403
13467635
13472680
13473230
13478477
13482562
13485129
13502080
13505310
13512280
13525981
13531994
13533154
13534568
13540033
13542174
13553049
13561974
13564002
13564060
13585078
13589772
13597170
13597603
13603659
13603977
13606884
13611610
13632336
13641542
13659677
13664784
13670343
13672598
13675601
13685821
13690854
13698211
13700949
13702671
13709496
13722172
13726577
13736930
13778101
13781456
13787378
13801269
13812390
13830745
13842170
13852311
13874414
13911977
13922164
13922489
13930010
13930505
13931581
13951343
13960017
13960671
13975256
13980368
13980954
13984653
13989121
14013270
14020137
14044596
14045225
14050881
14052892
14075431
14101372
14112120
14122765
14142232
14143362
14153339
14156181
14163743
14165185
14178306
14188213
14196163
14202560
14212128
14220966
14225051
14237644
14294426
14299293
14305451
14310616
14325014
14351569
14400019
14401414
14405453
14406303
14422018
14428199
14434486
14437819
14455901
14463660
14463940
14471308
14504003
14526039
14529113
14529702
14538754
14558619
14566079
14571781
14571917
14583079
14594528
14597790
14601687
14602137
14606843
14610056
14613294
14631545
14646187
14647724
14656230
14665303
14674163
14683768
14687141
14692552
14700715
14702281
14702969
14703050
14706793
14728813
14735474
14746203
14746219
14752260
14756470
14766579
14788031
14788437
14790793
14793877
14810471
14847178
14861808
14869986
14875379
14877557
14888967
14899681
14932781
14966758
14982719
15018407
15026194
15032303
15044988
15046497
15067270
15074623
15094476
15106810
15121316
15124475
15125344
15125623
15128441
15136828
15142414
15143345
15147108
15168697
15178248
15181253
15186737
15192293
15224178
15252759
15257440
15280307
15289661
15292885
15307417
15307890
15309976
15338804
15349549
15375865
15406722
15413481
15450700
15452482
15463823
15474920
15484712
15492061
15494622
15495240
15496422
15533376
15546975
15557510
15574383
15589573
15593116
15611865
15629443
15640566
15647976
15648465
15658663
15663865
15663985
15664866
15684943
15690761
15693014
15693285
15698046
15717917
15728881
15735377
15740506
15746391
15751278
15771265
15782926
15806151
15821659
15823486
15827826
15828930
15858756
15882112
15902557
15926735
15936938
15945677
15953966
15965205
15976273
15980878
15991011
16009589
16029103
16030628
16030758
16032428
16032931
16036934
16046000
16053507
16059940
16062113
16095860
16098164
16109330
16110643
16124693
16150804
16155513
16157575
16160441
16162622
16177623
16190633
16193307
16195235
16220450
16225285
16244959
16277912
16278060
16279149
16289593
16314345
16331618
16338297
16356760
16379692
16389105
16398683
16440462
16450709
16454731
16469709
16471805
16475780
16488651
16493028
16493724
16494208
16501167
16503903
16535011
16555884
16573505
16581118
16588524
16589358
16596958
16597736
16599029
16610715
16664144
16668563
16681809
16684559
16688935
16698195
16706982
16742190
16746705
16746757
16764406
16768607
16780106
16780467
16820160
16849587
16875153
16883280
16884379
16892657
16915686
16922112
16930687
16948020
16956914
16989732
17035245
17063428
17070271
17119239
17121783
17128596
17129447
17130145
17131867
17138150
17152319
17153446
17154860
17174431
17174863
17193267
17215901
17222557
17243295
17268912
17275234
17292976
17307349
17311992
17319166
17331436
17336833
17357040
17382117
17390226
17392566
17395561
17407135
17411465
17414278
17448788
17449652
17473600
17495796
17522792
17524652
17525750
17532137
17540500
17559171
17559476
17560219
17561765
17566821
17591791
17600296
17624941
17625025
17628177
17645355
17654624
17674902
17678368
17695216
17699124
17705806
17721831
17722919
17724550
17740912
17751940
17752879
17761712
17765900
17773524
17778324
17806465
17819629
17827634
17835394
17844862
17845113
17847527
17855007
17861530
17864951
17884550
17896667
17903667
17920251
17921673
17922874
17939245
17940380
17942054
17942975
17975890
17981803
17990895
17999342
18012129
18026906
18028910
18028991
18037612
18051378
18054621
18077247
18077906
18083232
18087903
18107874
18112583
18143981
18152317
18165447
18165495
18182152
18189111
18200213
18206718
18227971
18258705
18268074
18282097
18283591
18284333
18287258
18291333
18299116
18304983
18309334
18311826
18333892
18343347
18352234
18359191
18371813
18380991
18383983
18401675
18406257
18406892
18411838
18411896
18430007
18430389
18439335
18446996
18448196
18448359
18451676
18464946
18468888
18501970
18505994
18510024
18526084
18526130
18583529
18588560
18591006
18595110
18596502
18635454
18637671
18649654
18656998
18657931
18667899
18673633
18680309
18682599
18683387
18689958
18700960
18701006
18703613
18717860
18719495
18722024
18731688
18754648
18756858
18757529
18763276
18764272
18774301
18779083
18814168
18825446
18841166
18856938
18859444
18863061
18863478
18869079
18869862
18879648
18883368
18889108
18896342
18900028
18917386
18929696
18934440
18935533
18947533
18950766
18951865
18974422
18975969
18982141
18987018
18991469
19011163
19022890
19037415
19038318
19051187
19053951
19054520
19100585
19113337
19141257
19160638
19163135
19172773
19186394
19192318
19200758
19201593
19203388
19210171
19220052
19233330
19236042
19237912
19314992
19326229
19355103
19366653
19371994
19375941
19378702
19379084
19403308
19417821
19418853
19421798
19432185
19434341
19441083
19448086
19448305
19456355
19480292
19493499
19495915
19525411
19536630
19537857
19552630
19560744
19560879
19561133
19580694
19581315
19583426
19592198
19597670
19601732
19609074
19615992
19656093
19693068
19704015
19714044
19718259
19720290
19733159
19752126
19753090
19758636
19769774
19771166
19774977
19784451
19786765
19799328
19804772
19809995
19837013
19883424
19907975
19912437
19914382
19926250
19937346
19942499
19942581
19947237
19950257
19958280
19959744
19989161
19990678
19991015
19992159
20007301
20009510
20011415
20014524
20021638
20023076
20024838
20043754
20061867
20063277
20076102
20092761
20094952
20099394
20100772
20101767
20106419
20126549
20131478
20135472
20155659
20160063
20162728
20174754
20175719
20177469
20177710
20191621
20191998
20196432
20200535
20206421
20216566
20234682
20235293
20238673
20244729
20249193
20249933
20260591
20276903
20283156
20289636
20290076
20302295
20313461
20315171
20321187
20322488
20323608
20328757
20336164
20336837
20358926
20369781
20373809
20374078
20385388
20406712
20413944
20432271
20432384
20432558
20434054
20442635
20475918
20493769
20493890
20505873
20511157
20528212
20532637
20534864
20543432
20557086
20561888
20574110
20587849
20599680
20602621
20605223
20624221
20627656
20628243
20629593
20632557
20665046
20737120
20741813
20748761
20758611
20763907
20770774
20771517
20777394
20789205
20810417
20823161
20829287
20833203
20839867
20845265
20848901
20864096
20864711
20865826
20890068
20905834
20909576
20911955
20919795
20934619
20942413
20944772
20951691
20957697
20974289
20980116
20987916
21004155
21006075
21013693
21016747
21030150
21031783
21048505
21056780
21069059
21072753
21079835
21086159
21088191
21093931
21131935
21136172
21137487
21138952
21139643
21147835
21153796
21169256
21171309
21216126
21224735
21265515
21269359
21279654
21281277
21299569
21305879
21308240
21325621
21339011
21347339
21368362
21382486
21383756
21389971
21393829
21422810
21438194
21443998
21446852
21462702
21472969
21500898
21550920
21564798
21566723
21570131
21577542
21581110
21587352
21593308
21620292
21635482
21636877
21637638
21641150
21668243
21678709
21702931
21716188
21717755
21728054
21737358
21743680
21751798
21779484
21785301
21797164
21816469
21816742
21826324
21826481
21842362
21847341
21848386
21851373
21851632
21875623
21876907
21881477
21933007
21937256
21960382
21962861
21984860
21985037
21991409
22000873
22016758
22017408
22037370
22049745
22056324
22058839
22084441
22101682
22118393
22124509
22130115
22134593
22135467
22144790
22146316
22150752
22152915
22178023
22190621
22197699
22205131
22241674
22246549
22266391
22268713
22276841
22289056
22300835
22302013
22340101
22345551
22350113
22351983
22357112
22357917
22359938
22363875
22369788
22371428
22407117
22422098
22431549
22441892
22492900
22506260
22517627
22540385
22541276
22546618
22550313
22557036
22558385
22560038
22572043
22583411
22596508
22648966
22653512
22654867
22678289
22679262
22693168
22723060
22724470
22749351
22761623
22766549
22773396
22781572
22785105
22785154
22786391
22789841
22797615
22822148
22828256
22828666
22848210
22855077
22856441
22856891
22861651
22868978
22869542
22889426
22893403
22907158
22909611
22912350
22922200
22923902
22925935
22927005
22941609
22943043
22952406
22954308
22954829
22964480
22966327
22976207
22981463
22990501
22991121
23004111
23006789
23007038
23050165
23057541
23064093
23065269
23070239
23071971
23077775
23088765
23089791
23097284
23101353
23119698
23122914
23133251
23148296
23151065
23153070
23195837
23199422
23204646
23215378
23225981
23231689
23249576
23260909
23282294
23297153
23300971
23303376
23319421
23319855
23322436
23323522
23324231
23355465
23360263
23366602
23387566
23387734
23398162
23399629
23418060
23433281
23449042
23450653
23457730
23462052
23462393
23466937
23469961
23502869
23503487
23504216
23505544
23508283
23524171
23534965
23554513
23555553
23557404
23566081
23567537
23572243
23572443
23580858
23586780
23598505
23598593
23633746
23637852
23651888
23652225
23668843
23686020
23686218
23696541
23698247
23707375
23721404
23722337
23724776
23749845
23773786
23787169
23808712
23814708
23821785
23822172
23824059
23827443
23833687
23844627
23851311
23856546
23880489
23880764
23895479
23904692
23907752
23914514
23915946
23920631
23922133
23923378
23942200
23962752
23970391
23987969
23992328
23993821
23998787
24006704
24012265
24032027
24035386
24092281
24109992
24116471
24126761
24138834
24141231
24147178
24147490
24159603
24171387
24171533
24184049
24189643
24192414
24201116
24201798
24213479
24216083
24242730
24251377
24254179
24256325
24264948
24275758
24278353
24297807
24314585
24323956
24330625
24352626
24364683
24395033
24400220
24400725
24402405
24407401
24447221
24458324
24461657
24470700
24476533
24477428
24485445
24492614
24498595
24499140
24499791
24518315
24518398
24520655
24525515
24525697
24528925
24566258
24567260
24568852
24588898
24610991
24615804
24623341
24650125
24651349
24672461
24693056
24698912
24711732
24726503
24727302
24745319
24751479
24772091
24772173
24787491
24796519
24817479
24828752
24852958
24884416
24896984
24937256
24937478
24973452
24974544
24985503
25021025
25048279
25057050
25066883
25102952
25132845
25144994
25146363
25151826
25160625
25179597
25195451
25208803
25214586
25223684
25243031
25246975
25250550
25257486
25268212
25273054
25279352
25279666
25288527
25291556
25296215
25298916
25302773
25305146
25305329
25326780
25342901
25354608
25357246
25361529
25370835
25373088
25407963
25408239
25417851
25418440
25434625
25441890
25484632
25490749
25492052
25507523
25512842
25517692
25524000
25546461
25550151
25576944
25584914
25588921
25590398
25595197
25603221
25617884
25624648
25637278
25643767
25682824
25686045
25695305
25705396
25709033
25709668
25724445
25730927
25741518
25773670
25801529
25803187
25843412
25848145
25866655
25866669
25883764
25886136
25897555
25904738
25911159
25918422
25929350
25943399
25969477
25980710
25981854
25984862
25995873
26020057
26029612
26034069
26056366
26064215
26068778
26079047
26080188
26085117
26094510
26100492
26103213
26109445
26117199
26126467
26139472
26140193
26158170
26159445
26161376
26163704
26170995
26183034
26185317
26202894
26204594
26207866
26217930
26225577
26265489
26269140
26271137
26274997
26282895
26288883
26289449
26294414
26296868
26303363
26321643
26324283
26328857
26339541
26350495
26354477
26365425
26401087
26411784
26420365
26427080
26434339
26468146
26468637
26483919
26510836
26522765
26522775
26529495
26530407
26532430
26533083
26536335
26539539
26540103
26549432
26552050
26574327
26576320
26579477
26596417
26610479
26614350
26623057
26629037
26633509
26637198
26645525
26657669
26686417
26695724
26702194
26706234
26730331
26730515
26759157
26787797
26826627
26840264
26849274
26865840
26882696
26888046
26888329
26901280
26923445
26924011
26951733
26964085
26967166
26970053
26992487
26994825
27002204
27002867
27003148
27007653
27016575
27030873
27042330
27052979
27053882
27062308
27066935
27071682
27081760
27084661
27107191
27112471
27144981
27169988
27178518
27182001
27183140
27197177
27208129
27210764
27211530
27224453
27225549
27236170
27239173
27241992
27256744
27273325
27274030
27278190
27280730
27281122
27290966
27291225
27294092
27304154
27316863
27322243
27323446
27341760
27355568
27370270
27370880
27378030
27396953
27418956
27424396
27441538
27456114
27464960
27468856
27472832
27480879
27483309
27499417
27505175
27520537
27554135
27556310
27567928
27619064
27619323
27619770
27624449
27630478
27637177
27639234
27644665
27656062
27656101
27708801
27712172
27721981
27723340
27774919
27778492
27785469
27786609
27810250
27810792
27813710
27827089
27827366
27836155
27836691
27849092
27859359
27863759
27877025
27893674
27911826
27919705
27928319
27929271
27938083
27942312
27943370
27946019
27955516
27955790
27967658
27976584
27977294
27994988
27997233
28006805
28008106
28013884
28028581
28029159
28037611
28038777
28044694
28078800
28088002
28089584
28093099
28096812
28112901
28114879
28117492
28118180
28121539
28124137
28134123
28134848
28141056
28149233
28150341
28156395
28167795
28180149
28184131
28192033
28194827
28196883
28197556
28199162
28206074
28212406
28214061
28220635
28232596
28234199
28239522
28257608
28265528
28270779
28283294
28288115
28331667
28360826
28370752
28385152
28389189
28395332
28400162
28423594
28426322
28429740
28454223
28460921
28475768
28487700
28493008
28499041
28500852
28508001
28517609
28520261
28523367
28538865
28538994
28549589
28553601
28553868
28559275
28570321
28579439
28605540
28625311
28634482
28641033
28642252
28644883
28648277
28648283
28661066
28661648
28663385
28676240
28697206
28721368
28722731
28727237
28731806
28747995
28760190
28771439
28793819
28806531
28809263
28815101
28818065
28820940
28828146
28831447
28843805
28850073
28853727
28854245
28856105
28867418
28871825
28889385
28892126
28924566
28945600
28988234
28993495
28995110
29016902
29021488
29063980
29074583
29085226
29085670
29090987
29101761
29133508
29136644
29141141
29142717
29171901
29193596
29196477
29201904
29205796
29206588
29212630
29212910
29226160
29235185
29251039
29259098
29278659
29283254
29286575
29287163
29290124
29292982
29301041
29303145
29310969
29367672
29376879
29384620
29386473
29396811
29402002
29410514
29417832
29428630
29429738
29470802
29485094
29494500
29500313
29511553
29514551
29518946
29519167
29540082
29544385
29562087
29575430
29596561
29601676
29634009
29634350
29637175
29645772
29646086
29656173
29683581
29691045
29700919
29701817
29708048
29720879
29721550
29730972
29743782
29753607
29766794
29766871
29775599
29781517
29781939
29804520
29810237
29811484
29812521
29819435
29824569
29839611
29842386
29881670
29882389
29890763
29898644
29898681
29916185
29917782
29921658
29931919
29936229
29963026
29973221
29974597
29981736
29996689
29997538
29998936
30003984
30019122
30031331
30037075
30059289
30062877
30066872
30069100
30077995
30087345
30108963
30120537
30163072
30163277
30168941
30183777
30186892
30189375
30190334
30193683
30201308
30208236
30210768
30215773
30224866
30228044
30232184
30234209
30238279
30248842
30260952
30273228
30303888
30310394
30324702
30378235
30405068
30405762
30414820
30421340
30425754
30429170
30440449
30448371
30462982
30474177
30478162
30482866
30488778
30489945
30501138
30521829
30532620
30547172
30553415
30577791
30580077
30602123
30644409
30652621
30658984
30680977
30692635
30693015
30698977
30703692
30705984
30714620
30715263
30717890
30733699
30738459
30743027
30743817
30771323
30798018
30811643
30811802
30840359
30864890
30868483
30873921
30876940
30878705
30889794
30917141
30917896
30934394
30945488
30949295
30949572
30957339
30961346
30979777
30984496
30994059
31007537
31038648
31038835
31043013
31043555
31044596
31045137
31051600
31060137
31074952
31076627
31128245
31134528
31138229
31164558
31165084
31176982
31178947
31185605
31190745
31191778
31192136
31192396
31195127
31207909
31237577
31260317
31280485
31290600
31293522
31295475
31296950
31304688
31329279
31332191
31333097
31333353
31337203
31344864
31359694
31374934
31382480
31386245
31429182
31440291
31447526
31451325
31459048
31467277
31473637
31482459
31485897
31497145
31499905
31509510
31519012
31519454
31532479
31550444
31568023
31571506
31571748
31578532
31607665
31620057
31620071
31631655
31638121
31643529
31646487
31648450
31658633
31658940
31667766
31670042
31680296
31683453
31684972
31685731
31691764
31699838
31725975
31734630
31743028
31768948
31769821
31777663
31779504
31785853
31796363
31797846
31818190
31850212
31862292
31863590
31867132
31905527
31927762
31940817
31943410
31943819
31964952
31969573
31974460
31974679
31987480
31988697
32005143
32007768
32016081
32020737
32025628
32029406
32040533
32048842
32052599
32078481
32092480
32098518
32107427
32114478
32115891
32121575
32127445
32143034
32152258
32162598
32167649
32174704
32176648
32176737
32179168
32182302
32193138
32196679
32224430
32226481
32248959
32250700
32263292
32271932
32325546
32330875
32334874
32344294
32352925
32383401
32384652
32397811
32398553
32401509
32428420
32431231
32447929
32458158
32465028
32467028
32471746
32475443
32483558
32504515
32514658
32519024
32567645
32569037
32581798
32593557
32595748
32621158
32635058
32641033
32643382
32657935
32659653
32661711
32677816
32679545
32685641
32685922
32688204
32720913
32736689
32748359
32788896
32790896
32795997
32806466
32808742
32821854
32829882
32841737
32863780
32877393
32878808
32882478
32893734
32896942
32898001
32901770
32917951
32944563
32960065
32963490
32970467
32972816
33002043
33011506
33015505
33037199
33040937
33043899
33050024
33060077
33089436
33094773
33116697
33143906
33157417
33176113
33176397
33193721
33197331
33201778
33218905
33221881
33249764
33252203
33259770
33300358
33311416
33316720
33317669
33322254
33322723
33354508
33364532
33372607
33381304
33415151
33426262
33440923
33457985
33467274
33481734
33500841
33513888
33528660
33529916
33560750
33568435
33575919
33577167
33596884
33615870
33616965
33630373
33631030
33641348
33642959
33656524
33662205
33680003
33694707
33728485
33733388
33740125
33740238
33751372
33770205
33781263
33784141
33795259
33805680
33826386
33828913
33829891
33830711
33832585
33838105
33849058
33849290
33858694
33882255
33898480
33903381
33931052
33939042
33981014
33985591
34001769
34006796
34008867
34010465
34016021
34032159
34048180
34075353
34076711
34080216
34085875
34091926
34099231
34122986
34123180
34153209
34158845
34162417
34164567
34165806
34167529
34175460
34184677
34187109
34196919
34214454
34216566
34230862
34236504
34244418
34273545
34289490
34304946
34312040
34318360
34333384
34339881
34344957
34354807
34368736
34373470
34373505
34374437
34382105
34391626
34422382
34429705
34432321
34479860
34483129
34490317
34508887
34530793
34539289
34543229
34569864
34579702
34583649
34583761
34584404
34594611
34605000
34614122
34616274
34626114
34630090
34646224
34646638
34658592
34661251
34666619
34690862
34703983
34713176
34716662
34725224
34743152
34748765
34752746
34756329
34756768
34760021
34760930
34763327
34773647
34773649
34776470
34781145
34783189
34787009
34809838
34813953
34817393
34825760
34831722
34853223
34856190
34859025
34861496
34871638
34873836
34880590
34900165
34915823
34936426
34938710
34944109
34946992
34951019
34971655
34983256
34991039
35034165
35070984
35074199
35090065
35149271
35156453
35159570
35170134
35204873
35205111
35210747
35214617
35226524
35239436
35243214
35250573
35251089
35257771
35258862
35278860
35289661
35305075
35306101
35315332
35334862
35335385
35339144
35348446
35365572
35374967
35376200
35385380
35386390
35399068
35409291
35415631
35427006
35435796
35440702
35446991
35459378
35463330
35503020
35520479
35538742
35540412
35550860
35561178
35569457
35583052
35599772
35617309
35617830
35619878
35621504
35626627
35636530
35643839
35651705
35661042
35667738
35673265
35689459
35691885
35694756
35705122
35705325
35705326
35706761
35709017
35720011
35735140
35757085
35761955
35795784
35798756
35808994
35820117
35821713
35826128
35826610
35831877
35833151
35836318
35852291
35863745
35913290
35934599
35942318
35952227
35965528
35990869
36042537
36046410
36049017
36068519
36081504
36089046
36098628
36101209
36108896
36111577
36149249
36152375
36157259
36181112
36197924
36230112
36259130
36259977
36262889
36264107
36276859
36291199
36299453
36314956
36315441
36319186
36325599
36331333
36343687
36362250
36370966
36378896
36415942
36422841
36430591
36432956
36440150
36447670
36466208
36502714
36503560
36506839
36530073
36537655
36551620
36558273
36567070
36575163
36587704
36595188
36598173
36612672
36612755
36617626
36653888
36655317
36743406
36758159
36761010
36775285
36784960
36794002
36797969
36803262
36813952
36815061
36815126
36825094
36832366
36834781
36836769
36837704
36840723
36841327
36844756
36854774
36862206
36877555
36885909
36891878
36897256
36898375
36902762
36910819
36919539
36931174
36950856
36959273
36962588
36969002
36979684
36990344
36992968
36998557
37008821
37034833
37040625
37041239
37042154
37056906
37070772
37073080
37073604
37086301
37088018
37094771
37103762
37108401
37119424
37145764
37147561
37157240
37163614
37176011
37178060
37192221
37216375
37232100
37241756
37248533
37258838
37260874
37269679
37270078
37282510
37296439
37301846
37313177
37319729
37326823
37328564
37329371
37329762
37348474
37360691
37365541
37370211
37383593
37386939
37391593
37404923
37427470
37438992
37445316
37446262
37454141
37480926
37486059
37491692
37504148
37508373
37513204
37525217
37528524
37530599
37539912
37549184
37554980
37555804
37565334
37572224
37588199
37610752
37615235
37630924
37636218
37657283
37670507
37676237
37692686
37700286
37707033
37709400
37715534
37727131
37729551
37738902
37739899
37759751
37772832
37774531
37788282
37789254
37791658
37801830
37805358
37806759
37814415
37841371
37863379
37867236
37873232
37886611
37888962
37891648
37891720
37893381
37893532
37916888
37918697
37928563
37934374
37938251
37949098
37950534
37958015
37963549
37971924
37983153
37983320
37986536
37997313
38005900
38011066
38019669
38021915
38039365
38054720
38069255
38075064
38095518
38106014
38108248
38126287
38154420
38155668
38162628
38177660
38188661
38199404
38200507
38215577
38227151
38242720
38250096
38278740
38282327
38288324
38293919
38318391
38346322
38348863
38359324
38365318
38375128
38396920
38401339
38408959
38411792
38449925
38456245
38457395
38462846
38465525
38468352
38515689
38521013
38526143
38584573
38585477
38586564
38603269
38610559
38613515
38618485
38621323
38629348
38639207
38644395
38666642
38666816
38666919
38668073
38709519
38718187
38755279
38768032
38769242
38772308
38773950
38775713
38808298
38831082
38834679
38840837
38853386
38872894
38877615
38882643
38888683
38890692
38896524
38914884
38919864
38921752
38922289
38925129
38938741
38940116
38942103
38946443
38949865
38957736
38980900
39004695
39012042
39026591
39035305
39042252
39064933
39065319
39070473
39072521
39102792
39103738
39110019
39120565
39122016
39145097
39165584
39166861
39167693
39172976
39192986
39195174
39211449
39211482
39211687
39232594
39236998
39237492
39237754
39251489
39291656
39304743
39323470
39323922
39326665
39341227
39342336
39346961
39352890
39375264
39395416
39412370
39425404
39433875
39434603
39442274
39445104
39459568
39465731
39486659
39491668
39491688
39503020
39510056
39510628
39512359
39514681
39521787
39523701
39525613
39528955
39542663
39545628
39553964
39557610
39561603
39566132
39592398
39594751
39597228
39601724
39624999
39633037
39634308
39650410
39651849
39654665
39656581
39689328
39692193
39692787
39698377
39718866
39738182
39776375
39785120
39785672
39799237
39853404
39853592
39854910
39858397
39866316
39871075
39875376
39884062
39890830
39895726
39896894
39917772
39921421
39923191
39931819
39932389
39951242
39965582
39990081
40013935
40032061
40062116
40064586
40067396
40078931
40085322
40088812
40110198
40152772
40153231
40163415
40168703
40197366
40198699
40198790
40200281
40215278
40248222
40262915
40284703
40294873
40308964
40311849
40314197
40320254
40325252
40327988
40339349
40339759
40351889
40359267
40374433
40375856
40379216
40382133
40386571
40447778
40458392
40468439
40469775
40474238
40487363
40493718
40497457
40537326
40538473
40567785
40593415
40608167
40619951
40635492
40642298
40643478
40651334
40686073
40689356
40698794
40700348
40702646
40705515
40705790
40710301
40715698
40722527
40728565
40746668
40746734
40747831
40756351
40762852
40771502
40777362
40789601
40825643
40831327
40836763
40838532
40840234
40841682
40846271
40877676
40884925
40900091
40906014
40910278
40943786
40949708
40959309
40959429
40968931
40986517
40986849
40999604
41025710
41035452
41063628
41070721
41083203
41100709
41101204
41145602
41145954
41148169
41150774
41169967
41212977
41218507
41240098
41255306
41268442
41269680
41278428
41283832
41285933
41287305
41292544
41303264
41305779
41311200
41313880
41318503
41319881
41320460
41341126
41341524
41344743
41345409
41349191
41362555
41365876
41389935
41403288
41411501
41413495
41430388
41434269
41434361
41441695
41444591
41446560
41448294
41452523
41461895
41473604
41474139
41481121
41492686
41496990
41504424
41509577
41509728
41510247
41510947
41511866
41526339
41546161
41549536
41556389
41573917
41582706
41586289
41612772
41612807
41632142
41635188
41645205
41645843
41655636
41699917
41708231
41737629
41748683
41758058
41759187
41761988
41784190
41801739
41813219
41830541
41869277
41873170
41881606
41891906
41898626
41899574
41912008
41915479
41916037
41928924
41935611
41941804
41950663
41959925
41972849
41973520
41996854
42010662
42019848
42057699
42059109
42088129
42094706
42101716
42125121
42133745
42144586
42147117
42163585
42175299
42175853
42200786
42203847
42210198
42212940
42223689
42231524
42247877
42280779
42302674
42312916
42315786
42322157
42344701
42358416
42359208
42362477
42362724
42363554
42381408
42446925
42472201
42484337
42501899
42507975
42514968
42519463
42524809
42532982
42548833
42550440
42558694
42570007
42581508
42583822
42585715
42591376
42604419
42616537
42634883
42650202
42666569
42672649
42708068
42747968
42768915
42772100
42773285
42777424
42780505
42790840
42791688
42804630
42831847
42839721
42846056
42855632
42857364
42862359
42862550
42880356
42892621
42922346
42938529
42939473
42948148
42960334
42964418
42964661
42970339
42970398
42973738
42983561
42996197
43005827
43033255
43047332
43049205
43061677
43062046
43077667
43079566
43081824
43082601
43088712
43090222
43090815
43098737
43106664
43108897
43129206
43130401
43131786
43144381
43152334
43152699
43170000
43172005
43181546
43183652
43193887
43200711
43202795
43204854
43206656
43208471
43213929
43219990
43236678
43275321
43282227
43288220
43292227
43301564
43317370
43327884
43335279
43339971
43408402
43419743
43425467
43430936
43447974
43462262
43473965
43478519
43482782
43513309
43523810
43554909
43569119
43580371
43582701
43594379
43599112
43615809
43620469
43629856
43630474
43631131
43647330
43656705
43675953
43676039
43679080
43691374
43692622
43693016
43718877
43740033
43744039
43753645
43757978
43767388
43772142
43775891
43816069
43817405
43825743
43831972
43832409
43841898
43847907
43867225
43868500
43877073
43893296
43899795
43905383
43908229
43911864
43917195
43920597
43934518
43949038
43964517
43971032
44006623
44029810
44034156
44041618
44043559
44052794
44053794
44057519
44067825
44074486
44080717
44094721
44095179
44105171
44109153
44112423
44114273
44134912
44155464
44169435
44171232
44189722
44205181
44205365
44205566
44209076
44214023
44262001
44273951
44295971
44299297
44299480
44299545
44314736
44319297
44333397
44342613
44359539
44360119
44373844
44396328
44404502
44405297
44425476
44438923
44461951
44484279
44495383
44495691
44500168
44503501
44505890
44527299
44542790
44545164
44557133
44560902
44564190
44568769
44569692
44582106
44583611
44587374
44608233
44612712
44614980
44625392
44631219
44637903
44641816
44643871
44644648
44659374
44662127
44671040
44672831
44679005
44697550
44704044
44732993
44741264
44742589
44753325
44760012
44768582
44784603
44796038
44811125
44814918
44815247
44828451
44829995
44846518
44853968
44859923
44874266
44886435
44909589
44923879
44935046
44941465
44945281
44959317
44966970
44991009
44999318
45004506
45007249
45007753
45040246
45057238
45109434
45122085
45125419
45126231
45134441
45134574
45134579
45145006
45160967
45165782
45184608
45197223
45198714
45207209
45210913
45212184
45221942
45232901
45238291
45238311
45244539
45247160
45248894
45278259
45294042
45320767
45331572
45356005
45362611
45372563
45387413
45418733
45431750
45457020
45471352
45480026
45483261
45487599
45490589
45492048
45503713
45511681
45533599
45537875
45538784
45551004
45561756
45567125
45582406
45582758
45595594
45608760
45618543
45630156
45637635
45642849
45644231
45656917
45664806
45674684
45684703
45688000
45692561
45720021
45754832
45764158
45766893
45778290
45782266
45793442
45795075
45818545
45836187
45836828
45848460
45849525
45852055
45859481
45861900
45870629
45870692
45887071
45888936
45893093
45901493
45911118
45920920
45925055
45940354
45952720
45961566
45962545
45975495
45982672
45995113
46005174
46010471
46011674
46016241
46028039
46036651
46042731
46077282
46086198
46090445
46095638
46097237
46112522
46121114
46121563
46130597
46140827
46153174
46164731
46169901
46174953
46179479
46195294
46198758
46201729
46204961
46214323
46236491
46253536
46254123
46265759
46276563
46284957
46295815
46298491
46319145
46323969
46338213
46338387
46370496
46385488
46423584
46432845
46434609
46450101
46470883
46502100
46508983
46510409
46510880
46527225
46528976
46534458
46536040
46588617
46596958
46608253
46609030
46610817
46612709
46615656
46628460
46637526
46668771
46693030
46693616
46699620
46725474
46730629
46739784
46746222
46768903
46778599
46780988
46802936
46813123
46824896
46838510
46838834
46861326
46862586
46904935
46905797
46908831
46925224
46932676
46936542
46939321
46954906
46956569
46959647
46972178
46984629
46994829
46999177
47004746
47013988
47022775
47024322
47027882
47047730
47050922
47064424
47070745
47071886
47090150
47105484
47129245
47155832
47157108
47163600
47174010
47215343
47243551
47244770
47266572
47279666
47283632
47303387
47316176
47316194
47320972
47339568
47340990
47341601
47341972
47355150
47360817
47391059
47398712
47411424
47426958
47448762
47450476
47456093
47484967
47486719
47492043
47514198
47531782
47554103
47605277
47608412
47608882
47617628
47622302
47622458
47628547
47632461
47652158
47656878
47659949
47668269
47671385
47673756
47679717
47681421
47689141
47699008
47699957
47716575
47730306
47735790
47736034
47745348
47756046
47756549
47767482
47790292
47816366
47840728
47845242
47845348
47885504
47910707
47912134
47934030
47937648
47944915
47947439
47957971
47967169
47978481
47997544
48001029
48005134
48015796
48015960
48034694
48057146
48065284
48072984
48079209
48109346
48113623
48125196
48140450
48147772
48157625
48184280
48187327
48221881
48232471
48233209
48248113
48253573
48258929
48264811
48266943
48268575
48270620
48278218
48279351
48284538
48287868
48294967
48329235
48335966
48341457
48345942
48351457
48360508
48367751
48368677
48373164
48375816
48386277
48386359
48389709
48417599
48428591
48430239
48444990
48449806
48479201
48481782
48483942
48490116
48492772
48502123
48512735
48528707
48537241
48538556
48540751
48549094
48554578
48560474
48575532
48578557
48581591
48586269
48589766
48613314
48620687
48623007
48641525
48643773
48647682
48669167
48670438
48679212
48680719
48700942
48703591
48714780
48731092
48746354
48746674
48746912
48754613
48761737
48763119
48771980
48774987
48799458
48802981
48816720
48831492
48836975
48853924
48855422
48857599
48860085
48870729
48872805
48880176
48885666
48888283
48888498
48908969
48916308
48921172
48949374
48961624
48963564
48964436
48970898
48982929
48988226
49004911
49011778
49013079
49014466
49022648
49028997
49031342
49031556
49037903
49043659
49057264
49120897
49123245
49128049
49146748
49150862
49183260
49198664
49202039
49212967
49231075
49239336
49239587
49240191
49248676
49250980
49251746
49278120
49280188
49283742
49311735
49312597
49315481
49326823
49349509
49353711
49362255
49363580
49369025
49370821
49382969
49393355
49394580
49394862
49405373
49425359
49446731
49448498
49463883
49479904
49485477
49486144
49491256
49493230
49498221
49502210
49507265
49532845
49541682
49560269
49564520
49568246
49620829
49620829
49620829
49620829
49620829
49620829
49620829
49620829
49741676
49741676
49741676
49741676
49741676
49741676
49741676
49741676
49741676
49741676
49741676
49741676
49741676
49741676
49741676
49741676
49741676
49741676
49741676
49825534
49826705
49829852
49829998
49833921
49856878
49869593
49874636
49878113
49886814
49903310
49905101
49907618
49913242
49920231
49921485
49923241
49927994
49933672
49944234
49953426
49985018
49988343
49988456
49997409
50000530
50001827
50022377
50028092
50036359
50068119
50068158
50068330
50070821
50094301
50097515
50103049
50117377
50123314
50131850
50134825
50143021
50154580
50156625
50166511
50171795
50176075
50176426
50185798
50197004
50198510
50201188
50203469
50213885
50219060
50225191
50226008
50254728
50259418
50261264
50284313
50286413
50297375
50299962
50304177
50316865
50323265
50356363
50365771
50379563
50397911
50401255
50406029
50416280
50416820
50420390
50426758
50435540
50437189
50442083
50443670
50447654
50463269
50477909
50481362
50515479
50534479
50539275
50549248
50551796
50582101
50621546
50649296
50653015
50695070
50700152
50703746
50707527
50728864
50731232
50736905
50738999
50750985
50754826
50755727
50768404
50770768
50781306
50788267
50794962
50796117
50797290
50802943
50827046
50850081
50861673
50875322
50898035
50916768
50917204
50922274
50923823
50958796
50971753
50977362
50981467
50986854
50989844
51031487
51035030
51047048
51056000
51075723
51086921
51094616
51099901
51102280
51104559
51109195
51116835
51124122
51127356
51142365
51154413
51157644
51161701
51179912
51188833
51193946
51197142
51197456
51200448
51203518
51204343
51206147
51209674
51218048
51218994
51247849
51248069
51266849
51282710
51296454
51319035
51324304
51332330
51343366
51350645
51351943
51366753
51367987
51369387
51370405
51384865
51396827
51402958
51404917
51409024
51414338
51417544
51420099
51434086
51441055
51445237
51454827
51473107
51473670
51479490
51486988
51524774
51579155
51591522
51592149
51604334
51615213
51616378
51633670
51637687
51638333
51651178
51682076
51698109
51720893
51726043
51730376
51739242
51740307
51746155
51750241
51776285
51778490
51779376
51799160
51800076
51816087
51819515
51830966
51843936
51854515
51857431
51859926
51865833
51867117
51886042
51893114
51918054
51957874
51959888
51968170
51988135
51994207
52026192
52033600
52048695
52049505
52062728
52063908
52064904
52067617
52077225
52100861
52105610
52107651
52119120
52119503
52123424
52125092
52137600
52156144
52170909
52176650
52187338
52191625
52217682
52223251
52229528
52245966
52255700
52260630
52263789
52270324
52273458
52281806
52282900
52306023
52307600
52314292
52315709
52317467
52329537
52337874
52338820
52340593
52347111
52358759
52362468
52365685
52367683
52372943
52375865
52378765
52378852
52386900
52387660
52405063
52409849
52425718
52426693
52426899
52449163
52457125
52466234
52469646
52498341
52506677
52512590
52535572
52541125
52544766
52551009
52562851
52572301
52598430
52600272
52615019
52621536
52627671
52634412
52651238
52674736
52698075
52708156
52746233
52748239
52762134
52766129
52769121
52823258
52830278
52832750
52834986
52872601
52878492
52881879
52900402
52932411
52936742
52969827
52971156
52978083
52982763
52983012
52983074
52984067
53001233
53008101
53009173
53019024
53020589
53021107
53024741
53049473
53072119
53075073
53088865
53107741
53111305
53123336
53123829
53147468
53166252
53206451
53214958
53247324
53248233
53257342
53257597
53275227
53298817
53306753
53315159
53333059
53351722
53353469
53375639
53378097
53387315
53392356
53394922
53427192
53435331
53443919
53452730
53461925
53479572
53493033
53545459
53553467
53555684
53581872
53582330
53586826
53587494
53589108
53599580
53610493
53630331
53638777
53672572
53676201
53721898
53748068
53756534
53765148
53766754
53782227
53788949
53795150
53806218
53818883
53822230
53823772
53856333
53891729
53908051
53912120
53965293
53981275
54017089
54018152
54049466
54049719
54056580
54063232
54067303
54078824
54100809
54113325
54127840
54164309
54166604
54170781
54173381
54175708
54215488
54229852
54243131
54247796
54251438
54263152
54284634
54307415
54346721
54369961
54382443
54402394
54404995
54415232
54416666
54435415
54436935
54443857
54444873
54445822
54474111
54483933
54497073
54501683
54502915
54505024
54507457
54558173
54560136
54562573
54565634
54567889
54579749
54595322
54595481
54602314
54604412
54628529
54645064
54662369
54663464
54666316
54681246
54688333
54692717
54707504
54709710
54709987
54733889
54743427
54744631
54762981
54775561
54779828
54789066
54790065
54799965
54812389
54812792
54815011
54817841
54819739
54819926
54820676
54826439
54834201
54840191
54840582
54843362
54854783
54863247
54893751
54897018
54899522
54905970
54912296
54913857
54917211
54917304
54925860
54930432
54930446
54933630
54935351
54945411
54965253
54965531
55028309
55035691
55036359
55045193
55062848
55064688
55083525
55095158
55095539
55108119
55111897
55112293
55119002
55129228
55138637
55142789
55160182
55162681
55163465
55172190
55175799
55182243
55183319
55187849
55198876
55233958
55238574
55242189
55250847
55261150
55261775
55263633
55327476
55337695
55338029
55340179
55355395
55358492
55366206
55390263
55396030
55411319
55413220
55427379
55437908
55439863
55459488
55460891
55464914
55509591
55520891
55523612
55540250
55548464
55569389
55606564
55627449
55628555
55633559
55644466
55647284
55655269
55674651
55676898
55682584
55683280
55687556
55719164
55728603
55739324
55777379
55793853
55814330
55819277
55842954
55849790
55854644
55857948
55887009
55891293
55898490
55904513
55906840
55908717
55911899
55915943
55916248
55928124
55939912
55961795
55965043
55967815
55980675
55993576
55995796
55999341
56009719
56033013
56050378
56062992
56071264
56073634
56078482
56089123
56119583
56121799
56126632
56129672
56133714
56141613
56146371
56151375
56152485
56188710
56203423
56223734
56223787
56227894
56234827
56252793
56287597
56324615
56336883
56342405
56367422
56384562
56395042
56395329
56399362
56401497
56441797
56441886
56449099
56455291
56456196
56460630
56475641
56477865
56485757
56486880
56491045
56496241
56498477
56509082
56512393
56529079
56533185
56535521
56538394
56541527
56548364
56550474
56567541
56568573
56574621
56585169
56589894
56593719
56596568
56600552
56600695
56614082
56627197
56638199
56654944
56659143
56664611
56688542
56710950
56716753
56722916
56728576
56732022
56732873
56743627
56758388
56763854
56786650
56793037
56814982
56821095
56830102
56845511
56846568
56860490
56863252
56873120
56875354
56878094
56881205
56888903
56889954
56930976
56932224
56944992
56960849
56960971
56967925
56977979
56980902
57019746
57019818
57022103
57024417
57025931
57029675
57039188
57042249
57046967
57056706
57083452
57087493
57095181
57102301
57111899
57114224
57131660
57134374
57135292
57136850
57154271
57158555
57169020
57174012
57187019
57189119
57190801
57191128
57198799
57218934
57244629
57245925
57281549
57307503
57319194
57338230
57348765
57353868
57353873
57355658
57369746
57380620
57393992
57398099
57398972
57411786
57443194
57458701
57472247
57490376
57500215
57511536
57513299
57520273
57524766
57528214
57539030
57545627
57548410
57558256
57570676
57593332
57602627
57608633
57610740
57629242
57635836
57645980
57649218
57655065
57657936
57672002
57687469
57688817
57696259
57697775
57717066
57732667
57747476
57750898
57773000
57800100
57806207
57818611
57840619
57844442
57847734
57883834
57891010
57904021
57917826
57924592
57934611
57960517
57966315
57968269
57989398
57990403
57992017
57999996
58012797
58014621
58025964
58028570
58053865
58075723
58080567
58084869
58108204
58116389
58130255
58149138
58153120
58153415
58155746
58158997
58164408
58187871
58188045
58188179
58199750
58218787
58218995
58221580
58225258
58227551
58246448
58255847
58258558
58259468
58259520
58262124
58267501
58272879
58273909
58273991
58285456
58290438
58291246
58296555
58310756
58318487
58331104
58335428
58339497
58353998
58374109
58379019
58380144
58382131
58386675
58397530
58404811
58405102
58406981
58419838
58425450
58438577
58450581
58473913
58498830
58525416
58556688
58566333
58575500
58600306
58608072
58608982
58617044
58622288
58627062
58640579
58640758
58643815
58680622
58689924
58691014
58697273
58698055
58701525
58727233
58729038
58754214
58759474
58766169
58792730
58795337
58801527
58802316
58803058
58813458
58830715
58858397
58870673
58916869
58921526
58922451
58926432
58938933
58939978
58943920
58951786
58972324
58974347
58979169
58989695
59020751
59032465
59045387
59045806
59046273
59052768
59061702
59072261
59103835
59126445
59133691
59146553
59166707
59181447
59183327
59197587
59197812
59212678
59223148
59229915
59245335
59245859
59250010
59259371
59264113
59264882
59265539
59279200
59279736
59291264
59293415
59304021
59306581
59311752
59316244
59329247
59370602
59371508
59390314
59390757
59397767
59402728
59405244
59409907
59429080
59433773
59459519
59468745
59476787
59483157
59494776
59500924
59520840
59551080
59551863
59556572
59559950
59560550
59562648
59562907
59575250
59578169
59596183
59610124
59631816
59633373
59646263
59665453
59670254
59679936
59682589
59694668
59708040
59710357
59721772
59738836
59750134
59750616
59760672
59776346
59780557
59790367
59795232
59802514
59805661
59812536
59827605
59829445
59842699
59842871
59845091
59848627
59853516
59867599
59878521
59880569
59886269
59904382
59925528
59933645
59933746
59939452
59952397
59968721
59979274
59982703
59992617
59996998
60004114
60009896
60010335
60019138
60034458
60053859
60063823
60070136
60083745
60094747
60100888
60106841
60108427
60133080
60133405
60144300
60165925
60181283
60186251
60187106
60190069
60191455
60196018
60202738
60205243
60208740
60209743
60213423
60245155
60247673
60265703
60269819
60274463
60275793
60283484
60289966
60300059
60313813
60318204
60326526
60348630
60361586
60376830
60377344
60386692
60415177
60421483
60426011
60430889
60449479
60469698
60490284
60501241
60504451
60510434
60515608
60515769
60517739
60529297
60529783
60533796
60536230
60551797
60558707
60562225
60577971
60579690
60587121
60588106
60605541
60610763
60612704
60637998
60642279
60644008
60644262
60657065
60665291
60676264
60680031
60686487
60695732
60706610
60720347
60728983
60733583
60740108
60740136
60746991
60759022
60763883
60765618
60767641
60768445
60769971
60774443
60800628
60816721
60835063
60838695
60843077
60849148
60855273
60856365
60875772
60882274
60884852
60894128
60906268
60925299
60939416
60952325
60954810
60961225
60967486
60970155
60975583
60988479
60995885
61003930
61007553
61014179
61018924
61041835
61049635
61050520
61065338
61077444
61078377
61085278
61112379
61144402
61144560
61151567
61154110
61164184
61175175
61190495
61204859
61219108
61233967
61235253
61235851
61242151
61243456
61257068
61258552
61267757
61281121
61285724
61295379
61299103
61306273
61309136
61314140
61316624
61320059
61322588
61323931
61368354
61399622
61406024
61410038
61425062
61425708
61427257
61463861
61474186
61482065
61504987
61507999
61515999
61523259
61524942
61530130
61539244
61542473
61543363
61545549
61551771
61552255
61559049
61581543
61588396
61595795
61598609
61613713
61620512
61633483
61646562
61652005
61683796
61691830
61694370
61701130
61706339
61707441
61715392
61731116
61742694
61747777
61767366
61774254
61819407
61831024
61845390
61849558
61851689
61858223
61865701
61885590
61903537
61904388
61906698
61911747
61924932
61925964
61931800
61934281
61944158
61951815
61952224
61968296
61971479
61980206
61983699
61989201
61992439
61998986
62005298
62020750
62026228
62028275
62029741
62059717
62063976
62075541
62086679
62103374
62107745
62114744
62120228
62135637
62147166
62157677
62162209
62200482
62204317
62216123
62222794
62227363
62234291
62236450
62238167
62263550
62265732
62270873
62276502
62294783
62296520
62308825
62342111
62353602
62354898
62361987
62394283
62420801
62421988
62438027
62451399
62472707
62477502
62484150
62493043
62497750
62507787
62552821
62554291
62562702
62569238
62573756
62577214
62593948
62600823
62600826
62603499
62610520
62619133
62627314
62648651
62654094
62655331
62689923
62704752
62735040
62757632
62758409
62760787
62780777
62790163
62797090
62799889
62800673
62842219
62845369
62846817
62848754
62863018
62864867
62866106
62883297
62883725
62888381
62893859
62923965
62925592
62986364
63002546
63005052
63012666
63024707
63039730
63041128
63053779
63062036
63082198
63096151
63111693
63117294
63126029
63150346
63152562
63167128
63196730
63199498
63203491
63204613
63213643
63223282
63233273
63247983
63251015
63259969
63260472
63271643
63272046
63275546
63294284
63298173
63306755
63312437
63317313
63320417
63323026
63340969
63348908
63350341
63357084
63372462
63391681
63401818
63426008
63430002
63432822
63434511
63440967
63446719
63469888
63476504
63477954
63485732
63496123
63496324
63504312
63506313
63514576
63516498
63520623
63524511
63541628
63554953
63555432
63593557
63600569
63603091
63610797
63618280
63621507
63631395
63641065
63648326
63658547
63663356
63665177
63668662
63669516
63680969
63685565
63691319
63693875
63705259
63708339
63709295
63711695
63720613
63741640
63745924
63752700
63760368
63763588
63768728
63779475
63790343
63813689
63820605
63822366
63847800
63848720
63849516
63851196
63864329
63874661
63881633
63895022
63908827
63915054
63915521
63946315
63958012
63964888
63979236
63992623
64004988
64022022
64022511
64023536
64027554
64031114
64056226
64058608
64067206
64071773
64082838
64085357
64090664
64092074
64108612
64119469
64141460
64145151
64150287
64159636
64161089
64161929
64189002
64194050
64200937
64221871
64236639
64248917
64251576
64255316
64256102
64264712
64278574
64283697
64284499
64288588
64294010
64307522
64315332
64319906
64333092
64344488
64346785
64368743
64375891
64377638
64379392
64388025
64412396
64413001
64416745
64423003
64442059
64447222
64451341
64473337
64490720
64508494
64515306
64536800
64536903
64546929
64551768
64563001
64568225
64573697
64584659
64605898
64610759
64629614
64637123
64645412
64650947
64669144
64683222
64694959
64696741
64707250
64743515
64773207
64779221
64795136
64796188
64798916
64808893
64810529
64843374
64871841
64873394
64874491
64909114
64912883
64944212
64951274
64964381
64981140
64981667
64987402
65016502
65017092
65021454
65021919
65026941
65065252
65078575
65089766
65091814
65121590
65148902
65164539
65166282
65172373
65173397
65174829
65186873
65210307
65212182
65214154
65236319
65243952
65245648
65273915
65289968
65294162
65306268
65309575
65311397
65317203
65358276
65391679
65396609
65402131
65403619
65410175
65418662
65449898
65455852
65466934
65491040
65513134
65517504
65519272
65523377
65527247
65538850
65565185
65567138
65567753
65571422
65585888
65595495
65612410
65666514
65675287
65692349
65698874
65707091
65711833
65726901
65741416
65743310
65749235
65762568
65763145
65770639
65785870
65787582
65788926
65807212
65824549
65833332
65835583
65846501
65862382
65886698
65890255
65904886
65917469
65921341
65930805
65931530
65942605
65961539
65966600
65966739
65972671
65979110
66003008
66006529
66022466
66054214
66068619
66071139
66071409
66080004
66088423
66108118
66125992
66129518
66134586
66139426
66152553
66155579
66159585
66184537
66186865
66191195
66207852
66211922
66242281
66254672
66267596
66268649
66281186
66317729
66318943
66321350
66322463
66325503
66341220
66351386
66363748
66371192
66371329
66378811
66403445
66405019
66408432
66413673
66459272
66462854
66467672
66472281
66493287
66495561
66501834
66502644
66507987
66513342
66515484
66518291
66518435
66525936
66526270
66531316
66543399
66547796
66550726
66562437
66591055
66603356
66637703
66641381
66655479
66662559
66668869
66674735
66674967
66693234
66699960
66730354
66736752
66736808
66738700
66744555
66747493
66750472
66761932
66772804
66783191
66791482
66806924
66809306
66827379
66831014
66831899
66856961
66857669
66888823
66897120
66898070
66898142
66899502
66902363
66931115
66933814
66950824
66952115
66952474
66953215
66956642
66982891
67020148
67030025
67041126
67042245
67043838
67046234
67056661
67067121
67067255
67072489
67088786
67097892
67114835
67116619
67117648
67133104
67142715
67152702
67160408
67169359
67189428
67191261
67206102
67206517
67223839
67262469
67265043
67277353
67294074
67302812
67309426
67324905
67339515
67344769
67361564
67361926
67381006
67381163
67381814
67398416
67426068
67433067
67451210
67463620
67467461
67485343
67501436
67502895
67512240
67521291
67527987
67534572
67538421
67542369
67561178
67569936
67584820
67593327
67604263
67626103
67632285
67644272
67662304
67663049
67675635
67682882
67692068
67692949
67701180
67712794
67725016
67729801
67736217
67745216
67750512
67763028
67769618
67773639
67775584
67795940
67800508
67801250
67805474
67814020
67821448
67834392
67855800
67857524
67867512
67882561
67888994
67897779
67911295
67912910
67921331
67941275
67965095
67972473
67981087
67986619
67987680
67989789
67996367
68000630
68000748
68011553
68019769
68024836
68036955
68077810
68080495
68087845
68101948
68102307
68121530
68128468
68134960
68136263
68137743
68144161
68150080
68176082
68176293
68181096
68182013
68182260
68201656
68212894
68235407
68239984
68283201
68291697
68327354
68352780
68383759
68404056
68430577
68438880
68438929
68441015
68443199
68454993
68458532
68486362
68505727
68513186
68515056
68515667
68523975
68527181
68532185
68555518
68559939
68561873
68565570
68568729
68569279
68569600
68572094
68586518
68600642
68604337
68635179
68638376
68638392
68647064
68666383
68676756
68690271
68691676
68728160
68733625
68738865
68740612
68747358
68751147
68769031
68769987
68771663
68779232
68787287
68795062
68812596
68814722
68817381
68821060
68843366
68863464
68882535
68884473
68887890
68908949
68923449
68924532
68932504
68932841
68934526
68943727
68951341
68959734
68963659
68964805
68971455
68973089
68999067
69004056
69018683
69036158
69040498
69053991
69067848
69093459
69100835
69114751
69125497
69130078
69149902
69171253
69177739
69182145
69185284
69187019
69232942
69236828
69252069
69254156
69266607
69279504
69287375
69292579
69295751
69298280
69299413
69324856
69326123
69331364
69341407
69342152
69361815
69379643
69379998
69382107
69385718
69389142
69412403
69446040
69449152
69451023
69454383
69456087
69475169
69477252
69502305
69531415
69540388
69543373
69545579
69553520
69557706
69559871
69559905
69577828
69590551
69596474
69603234
69603888
69606554
69620700
69629586
69649455
69650027
69654807
69655917
69657366
69661618
69673775
69676825
69678398
69683139
69699438
69707074
69715394
69715825
69729393
69737371
69740063
69742809
69747863
69751115
69752272
69753923
69761640
69775209
69792214
69808669
69814164
69814909
69823100
69839064
69841824
69846194
69854959
69864963
69865525
69892678
69919527
69936353
69940012
69955565
69974530
69974960
69976726
69992510
70007428
70013714
70019060
70049876
70053993
70061605
70081736
70082038
70087856
70092922
70099317
70113916
70117216
70125071
70130634
70166114
70181623
70240649
70255452
70257584
70266224
70270277
70277475
70285445
70285768
70289267
70301284
70320236
70321119
70343133
70364642
70382058
70387856
70390100
70394927
70398111
70403921
70409012
70413430
70422767
70428660
70431810
70438569
70441469
70442844
70444077
70456815
70460605
70469250
70476161
70497753
70502817
70504284
70504685
70514307
70524110
70529257
70531571
70534353
70535547
70548257
70553660
70560498
70607258
70614328
70617645
70621496
70629971
70633678
70642954
70643198
70648425
70655712
70658061
70661763
70666694
70673353
70686701
70686946
70688734
70689118
70699909
70703042
70711430
70724616
70740850
70744571
70753879
70757088
70758775
70787085
70802487
70814419
70818063
70821108
70828275
70841695
70843405
70869102
70874601
70896658
70900033
70918875
70922591
70926880
70929423
70956424
70972722
70991471
71050511
71057285
71076889
71090977
71116239
71123136
71126510
71127571
71147515
71151484
71166498
71182998
71187341
71198400
71211827
71214609
71221901
71236478
71238121
71247723
71268341
71296432
71299116
71305031
71326276
71339329
71353950
71361650
71364819
71390932
71392064
71421752
71461442
71466272
71471701
71476568
71509606
71522104
71529407
71529933
71538289
71574535
71599492
71601755
71625941
71639439
71661854
71672733
71694559
71705060
71706141
71710106
71720044
71724454
71727964
71730398
71733354
71736475
71744127
71760072
71770997
71782026
71783840
71795786
71798168
71810446
71815177
71828907
71853003
71865314
71886515
71889096
71890094
71892622
71914330
71920940
71929727
71930650
71940492
71947545
71961474
71968959
71970369
72028913
72038244
72041442
72063026
72088024
72090277
72093705
72093859
72103607
72108422
72114897
72117590
72121583
72149305
72149578
72157974
72161662
72162564
72167164
72171308
72188955
72198574
72234241
72242277
72267670
72277719
72280607
72291316
72297777
72311273
72321539
72323907
72333239
72339228
72351451
72366934
72369966
72411656
72421972
72425778
72434191
72439064
72443824
72447749
72457094
72496172
72521856
72525090
72527756
72546986
72559037
72559138
72594075
72597689
72598924
72605871
72612024
72652016
72654240
72654610
72659978
72662843
72668129
72689934
72704787
72705189
72723870
72755563
72763455
72773172
72773914
72780737
72781283
72781686
72790007
72799401
72804619
72811273
72820627
72832062
72845647
72847207
72848324
72866740
72921844
72923534
72930626
72947445
72952341
72968590
72976875
72978925
72979497
72995593
72995971
73016094
73020207
73029002
73051221
73068713
73070782
73090295
73091761
73099006
73100669
73103271
73112078
73130057
73140764
73142586
73151595
73159511
73163303
73163344
73169725
73172499
73173909
73175572
73181047
73191012
73202170
73210952
73224501
73225757
73239217
73241769
73249609
73256814
73269821
73313396
73318580
73333536
73340318
73342901
73381136
73387667
73391936
73393499
73402919
73413347
73420930
73438876
73450416
73453988
73464322
73500435
73516702
73517402
73520954
73521195
73531021
73535354
73536465
73547921
73551069
73573386
73574569
73593542
73605594
73606634
73615484
73626718
73626875
73643838
73648985
73660271
73677168
73680451
73682882
73701170
73710797
73736768
73757655
73760317
73762289
73773535
73776439
73787548
73792260
73805930
73818989
73829256
73858508
73860677
73878341
73884700
73901086
73907981
73942311
73949372
73951187
73952259
73956668
73965424
73965850
73970010
73989278
73997301
74001258
74003303
74008680
74024903
74026266
74039695
74042998
74052981
74060907
74075704
74099380
74100441
74111460
74127895
74154514
74155244
74162652
74169944
74174848
74175649
74176158
74184024
74221164
74222612
74233843
74236076
74247685
74248426
74260773
74274262
74292550
74305841
74315393
74319476
74323357
74349143
74353670
74355633
74384507
74408030
74416573
74431549
74432030
74433007
74433886
74435465
74435620
74440408
74442589
74449690
74452710
74462939
74469066
74470068
74499746
74524533
74531777
74546003
74548328
74566537
74567540
74582172
74591042
74600427
74609740
74609960
74619084
74623724
74628255
74628858
74638466
74653922
74656420
74667757
74713196
74719137
74719439
74719949
74743594
74744272
74744753
74757625
74776132
74781466
74802895
74810280
74818381
74837553
74843592
74854928
74855388
74865594
74866221
74869502
74897724
74910050
74911087
74925392
74931671
74933036
74943840
74957834
74966667
74967227
74968424
74976967
75010383
75014368
75026613
75065415
75070485
75075788
75085593
75090006
75096854
75098660
75101957
75102231
75102731
75113829
75131521
75139831
75149327
75150584
75151411
75154183
75159620
75162159
75178979
75191996
75201795
75207384
75219499
75246622
75247073
75253269
75265944
75278925
75280597
75280620
75282520
75287968
75295627
75297194
75341837
75351777
75356752
75357200
75384708
75397179
75398679
75406910
75416305
75431562
75434481
75444266
75446733
75449645
75470983
75487037
75511491
75512107
75561494
75566661
75567464
75573160
75594078
75594297
75599216
75600711
75610739
75620323
75620398
75630153
75644676
75645392
75680186
75698119
75703763
75706825
75715010
75716982
75737362
75755958
75760173
75761884
75768391
75776323
75784796
75809762
75815880
75831339
75854053
75857373
75861727
75877228
75884460
75896423
75903631
75922625
75934878
75948780
75962873
75979218
75984731
76013373
76015257
76043044
76054275
76074389
76082970
76090514
76091742
76141876
76151688
76155182
76169666
76176909
76191790
76192358
76200661
76216541
76221437
76240468
76241897
76252379
76258355
76263428
76276341
76279329
76280017
76294739
76306103
76309562
76352879
76366991
76369132
76393855
76403267
76406454
76408480
76413526
76416393
76427483
76432234
76439562
76464388
76469396
76480869
76486116
76490653
76490658
76500766
76512498
76539871
76546795
76559041
76566983
76574495
76579108
76579855
76593422
76600770
76601830
76605399
76610772
76613624
76614033
76614322
76615291
76644014
76654803
76660092
76670640
76697304
76699491
76700472
76712376
76713407
76719376
76729614
76733814
76735751
76745153
76762761
76767559
76776862
76804930
76809122
76846000
76852277
76860888
76877466
76878252
76878932
76913836
76917418
76962279
76976605
76984899
76987586
76991588
77015320
77027981
77037886
77062059
77089701
77095689
77096032
77096138
77113518
77139588
77140950
77154407
77155212
77165971
77171448
77186611
77190113
77195638
77247906
77255013
77268637
77293592
77307009
77327841
77339318
77343767
77344262
77377617
77378820
77390532
77405823
77428059
77430417
77445815
77446583
77464477
77476336
77499237
77509764
77520576
77526022
77532300
77535648
77549131
77553431
77553591
77569668
77582084
77586142
77586309
77597735
77609968
77614082
77623696
77654293
77657214
77659159
77663797
77680398
77683650
77695616
77706956
77719314
77742607
77743388
77755965
77756360
77758120
77758542
77769683
77779076
77813526
77817372
77817918
77836857
77837451
77861350
77864347
77867588
77876986
77899249
77902677
77911370
77914054
77936764
77946328
77971284
77973884
77997038
78002927
78010801
78020963
78027566
78052431
78064211
78065817
78080895
78081265
78100706
78103822
78111195
78112232
78118963
78132507
78134839
78157660
78158921
78170998
78173708
78190316
78190730
78199337
78218710
78221640
78242281
78246081
78247227
78256262
78256273
78261112
78281002
78284575
78318362
78327701
78330460
78339539
78343978
78364979
78370996
78377052
78392335
78402824
78408860
78440663
78454306
78460257
78470519
78479126
78485846
78487902
78504157
78520314
78530259
78536136
78551664
78568052
78578564
78582848
78587493
78593542
78596131
78597316
78630353
78630377
78633224
78635486
78653028
78669037
78672645
78700352
78714329
78719900
78722116
78733378
78750749
78755507
78766707
78769870
78789335
78791770
78799455
78820472
78832761
78837780
78839320
78842265
78845506
78847650
78851971
78855751
78863650
78878801
78884289
78904341
78908193
78910974
78933646
78940895
78956936
78985888
79000415
79001665
79013274
79013376
79033283
79034312
79042223
79084368
79084836
79149415
79150808
79154351
79167818
79171671
79174702
79183576
79193642
79200754
79201181
79210396
79210744
79222066
79222341
79230631
79242545
79244444
79244513
79248159
79269131
79284526
79302748
79311320
79312051
79320382
79320427
79322538
79323778
79327256
79333090
79371023
79387739
79396328
79407820
79410858
79423307
79443066
79465158
79487563
79488512
79493887
79507367
79507516
79527256
79531380
79536066
79551168
79558451
79566167
79566518
79568373
79573525
79573638
79580492
79585597
79589509
79592559
79612750
79624563
79681556
79687138
79687720
79695929
79705174
79708833
79724473
79733860
79736205
79754853
79777952
79778598
79788914
79795890
79868730
79885120
79917439
79920295
79921438
79926608
79940631
79959316
79972803
79984970
79985735
79989566
80033205
80034730
80046296
80066310
80077993
80079787
80108909
80109868
80112355
80118835
80122029
80123679
80135235
80149273
80149447
80159347
80169479
80169610
80175482
80183955
80194060
80211019
80212611
80215700
80218392
80222129
80228390
80246831
80255680
80260823
80264269
80271969
80275559
80282712
80283992
80296060
80304189
80309354
80318539
80329309
80346532
80350507
80356785
80362698
80386215
80410725
80416036
80424632
80427136
80428583
80432177
80468419
80491533
80498443
80499809
80500790
80507716
80519103
80528943
80574654
80584894
80592025
80595217
80607833
80626718
80630083
80642338
80647746
80654361
80660642
80671817
80672080
80684101
80690850
80700111
80700216
80724037
80726755
80728720
80732778
80735826
80738573
80747442
80766407
80775786
80780161
80798187
80804501
80828195
80831045
80842380
80853646
80854189
80855513
80861686
80861798
80873145
80901871
80916180
80945171
80950455
80951488
80953695
80955217
81010111
81012158
81012491
81030717
81036635
81049025
81061063
81091134
81101047
81103680
81105130
81118459
81118743
81119000
81128296
81142717
81157600
81165214
81174828
81180357
81195691
81197602
81223445
81245311
81251425
81261411
81307173
81337476
81341933
81351190
81359895
81366902
81367335
81392624
81396015
81407128
81410151
81445245
81446478
81478844
81487791
81502310
81510608
81525103
81540054
81554803
81560949
81576762
81580500
81617499
81620009
81623501
81627830
81629972
81635495
81637126
81672721
81684957
81687002
81729654
81747999
81753095
81755621
81759384
81764245
81772926
81780498
81782600
81787649
81810653
81810716
81816060
81829947
81838659
81841724
81844969
81850610
81862240
81864486
81865883
81878221
81889042
81906620
81907388
81917111
81924607
81938732
81968371
81996216
82021880
82061660
82062018
82076422
82106372
82109578
82116073
82119760
82132318
82139863
82163537
82164033
82212524
82212989
82235321
82244080
82247574
82252168
82262728
82277334
82280321
82282661
82288481
82305020
82305556
82312704
82329141
82340779
82344680
82350396
82358838
82364408
82376664
82376838
82401860
82428760
82439212
82448552
82458777
82463389
82477428
82493768
82579098
82596800
82599005
82610064
82614169
82614588
82618680
82619849
82625452
82631433
82637473
82648263
82652044
82653055
82673504
82678088
82687288
82696843
82698508
82717562
82726640
82728604
82734018
82742925
82752818
82762446
82767873
82776507
82780100
82791807
82798612
82806751
82813824
82819622
82819982
82820852
82822845
82827368
82846702
82851546
82863011
82872822
82876637
82877921
82878737
82881515
82890829
82891793
82897956
82909160
82910216
82914345
82915338
82916629
82920093
82958136
82960620
82971846
82972204
82975627
82991281
82991941
82998764
82999979
83014891
83017694
83041325
83049494
83062916
83090012
83090308
83092422
83114526
83122390
83126924
83159837
83175601
83180394
83203341
83222946
83263707
83266467
83271008
83275159
83318219
83322391
83331617
83331907
83356040
83362306
83374326
83382079
83386922
83409651
83429393
83437276
83449044
83450216
83459027
83467798
83488109
83493424
83501909
83508475
83516158
83525562
83542366
83543154
83555984
83602799
83615801
83631075
83644143
83644855
83651504
83654464
83660749
83678309
83727867
83743968
83745243
83777249
83802837
83804104
83812920
83840660
83851237
83853275
83853823
83886870
83905304
83917920
83920634
83928674
83928692
83959488
83977845
83980782
83982854
83983586
83987756
83990475
83996070
84012278
84017785
84033806
84036091
84037581
84038514
84043934
84046032
84056911
84078299
84078770
84085862
84093466
84099406
84107193
84108299
84116565
84122949
84126909
84129332
84131567
84145652
84148063
84157438
84157555
84161981
84163716
84169555
84212703
84213589
84221818
84238836
84259152
84260945
84271170
84308194
84316160
84328748
84363323
84366887
84385133
84385515
84400391
84408520
84420436
84432058
84437640
84439807
84449370
84452938
84481076
84482755
84490274
84492000
84508595
84522523
84557951
84574688
84575652
84601800
84645520
84649944
84656049
84660696
84668405
84683805
84689742
84697816
84735039
84743989
84746138
84759441
84777872
84779623
84780359
84781491
84788363
84793885
84796325
84810065
84851429
84859043
84861487
84871778
84884123
84887989
84897642
84912337
84929902
84933169
84958336
84959626
84968361
84971408
84977694
84982230
84997332
85004704
85005745
85012255
85012997
85036935
85041206
85062688
85082508
85100910
85104860
85107882
85114842
85132591
85144276
85144898
85156950
85157304
85158622
85162652
85172535
85176647
85182754
85188146
85191578
85199996
85201372
85202032
85204169
85208518
85211516
85216616
85228741
85231745
85235263
85248608
85253918
85257026
85261388
85277086
85278812
85281076
85293301
85302030
85304003
85311322
85328010
85336864
85344317
85344533
85375511
85375671
85386385
85447769
85455066
85464782
85484316
85493265
85508824
85508922
85529294
85548383
85553091
85554211
85565203
85576950
85577840
85579907
85585904
85587807
85642009
85649404
85657625
85665376
85671735
85690757
85697298
85701314
85701401
85715799
85721759
85722646
85751857
85760589
85771590
85775762
85778103
85785700
85804725
85818794
85825045
85832176
85848437
85862280
85865574
85880183
85886512
85887824
85892644
85893367
85930812
85931048
85931258
85939730
85940291
85941061
85949259
85953098
85955985
85963037
85984210
86001050
86007396
86017459
86023312
86052946
86063678
86070710
86085801
86115420
86116730
86130599
86135363
86139172
86139376
86140468
86165979
86184134
86189250
86197640
86202193
86206669
86233456
86273213
86306382
86306868
86327927
86334671
86335415
86336081
86341541
86341947
86346117
86355519
86396776
86418388
86433915
86434252
86451532
86467318
86473436
86494293
86510846
86518073
86520802
86523183
86552502
86614504
86619627
86642146
86643260
86650460
86650868
86661083
86662217
86665509
86677981
86702941
86705623
86707660
86724682
86726011
86735594
86762978
86777784
86778728
86781448
86783166
86785143
86786992
86796476
86809451
86812973
86814419
86814553
86818884
86829248
86831966
86867994
86879447
86907731
86913096
86917762
86937297
86939002
86982901
86998176
86998964
87033781
87057077
87059597
87132837
87138887
87146738
87147211
87147669
87151195
87154043
87154837
87169953
87197052
87197549
87199657
87206158
87214287
87216254
87219366
87228629
87231639
87235810
87237046
87240265
87269518
87275408
87295321
87295782
87296073
87312976
87321596
87331600
87340983
87344462
87350147
87362529
87367014
87379761
87386025
87392712
87411047
87418585
87427123
87430697
87431662
87432607
87434290
87444534
87456208
87457786
87460628
87478983
87489423
87501849
87519506
87538056
87545175
87556293
87569118
87576275
87577982
87589261
87593286
87601489
87605183
87614254
87638994
87658689
87663492
87673209
87673760
87696786
87704033
87713879
87725274
87730163
87752195
87753178
87754408
87755694
87755972
87764700
87776619
87781104
87786736
87799459
87807033
87817888
87833621
87867424
87873759
87881572
87902113
87924104
87925090
87937747
87960931
87969874
87986611
87989686
88005533
88007461
88011909
88020216
88050073
88057455
88058303
88059361
88103730
88108136
88124890
88136267
88140234
88148390
88153067
88155198
88156116
88159828
88162260
88162598
88163432
88165231
88166862
88171755
88177329
88203081
88203769
88207827
88232624
88250775
88258717
88263277
88265681
88267053
88270254
88280186
88283614
88287192
88298252
88322160
88330058
88372961
88373981
88397530
88422454
88423697
88443973
88448683
88451107
88468822
88471713
88503702
88553168
88584232
88584756
88585157
88591531
88599525
88618740
88627842
88628220
88639700
88644636
88650233
88668194
88694275
88697993
88716951
88752875
88759491
88769473
88775211
88778198
88778763
88782272
88785321
88794147
88818144
88860516
88870558
88878935
88880369
88900239
88902125
88933284
88950002
88957741
88960597
88968048
88979322
88984533
88997328
89041778
89054946
89055267
89096489
89099722
89102289
89113006
89115818
89116607
89119648
89125339
89175366
89194302
89194478
89203076
89209969
89211705
89218960
89221132
89237516
89242524
89246117
89258684
89277216
89278309
89296584
89315157
89321454
89331200
89335708
89338912
89342310
89348589
89372023
89377744
89379323
89380957
89420348
89436271
89455172
89456630
89458475
89461293
89471557
89496742
89508319
89538414
89542991
89552146
89557029
89576908
89579225
89580600
89593964
89604510
89620250
89628997
89631453
89661552
89666950
89676204
89689301
89692329
89730290
89743084
89756577
89761680
89779147
89815042
89815401
89815550
89835444
89839126
89856948
89857083
89859873
89875812
89892794
89898888
89914410
89916179
89918468
89919406
89920640
89926007
89929154
89931093
89942611
89951575
89955377
89965894
89973219
89990978
89996999
90013169
90013656
90015983
90020969
90025016
90033992
90061815
90070150
90075931
90076097
90080799
90085140
90087667
90093918
90098574
90124658
90135661
90152462
90157006
90172783
90201357
90208626
90236458
90240064
90240460
90257091
90271346
90274031
90290949
90301407
90307142
90328339
90351342
90353957
90369292
90375959
90377562
90418154
90419033
90426691
90432108
90433260
90433761
90435673
90436628
90448750
90463778
90468023
90478679
90512144
90567122
90570130
90578400
90585519
90591660
90591810
90592702
90613156
90632559
90651402
90651838
90697280
90702440
90722726
90730908
90738498
90746552
90756170
90756590
90764360
90773104
90793901
90796957
90808857
90813885
90814096
90816980
90841169
90842089
90849878
90878085
90882584
90886719
90893378
90900263
90910207
90917499
90925090
90926769
90937445
90942236
90942897
90943230
90952211
90956197
90962897
90994529
91016484
91028931
91030125
91102220
91114991
91123694
91129931
91130148
91134061
91144008
91162969
91164345
91171951
91185009
91188908
91214978
91219128
91224128
91235974
91238267
91239461
91246524
91265542
91282829
91300249
91312417
91315280
91331072
91338589
91339588
91343450
91345353
91346118
91349297
91361004
91361473
91362095
91370146
91373024
91375031
91397079
91400756
91403694
91409817
91419573
91424416
91434811
91451496
91451515
91459090
91472771
91477502
91491821
91495861
91499978
91502635
91514827
91520893
91521733
91532748
91543288
91546942
91550014
91555663
91562690
91572791
91575709
91576626
91577978
91591153
91595105
91635034
91638139
91641686
91648652
91659997
91673689
91674539
91690771
91699618
91703142
91705262
91734080
91752801
91782045
91794006
91795396
91803120
91820672
91822709
91823788
91828924
91834319
91839995
91846401
91851132
91863853
91885854
91897354
91901493
91922479
91923419
91941203
91954984
91967818
92025175
92025759
92034222
92044879
92076383
92085462
92112385
92114540
92117890
92118820
92120492
92123312
92125716
92130119
92130192
92136342
92146086
92152939
92156515
92163520
92184508
92185255
92194193
92207555
92212796
92224756
92245059
92252316
92256595
92263983
92267170
92272408
92275506
92282749
92312429
92335459
92339766
92344643
92367338
92378981
92381208
92388010
92395807
92398064
92408554
92419685
92425612
92435404
92436162
92438173
92451840
92454365
92487988
92499824
92500547
92502977
92529774
92531578
92544949
92569381
92571871
92587964
92593848
92594444
92599972
92600795
92609865
92638701
92656687
92679908
92688480
92689647
92698271
92715991
92726719
92728090
92780690
92821318
92835105
92843706
92863947
92873676
92875035
92875829
92885653
92887206
92904660
92938001
92938980
92940916
92941471
92950210
92962345
92964790
92975526
92977858
93056345
93089689
93097486
93108150
93109648
93113988
93127931
93131061
93136135
93146754
93171438
93178911
93183456
93204399
93216826
93219425
93243446
93247381
93262212
93267074
93267913
93268706
93283597
93284885
93302532
93318177
93328989
93346836
93372614
93392712
93402054
93409887
93413449
93415159
93420051
93425866
93426775
93462996
93474406
93474538
93488711
93519542
93538771
93544068
93545894
93560619
93569508
93577023
93588962
93590336
93602322
93612617
93614820
93629813
93635520
93645672
93648640
93660813
93677472
93686855
93687835
93701015
93704287
93710995
93720859
93736299
93750440
93756526
93771740
93793957
93802638
93815977
93820229
93821575
93829330
93837482
93838764
93853197
93860269
93861629
93870287
93872887
93873308
93886473
93888160
93892683
93894307
93898905
93912189
93927177
93950296
93952449
93960121
93987699
94000545
94020166
94020739
94026087
94026225
94027501
94049713
94070401
94081817
94118720
94121759
94123162
94136018
94147826
94159006
94176676
94207573
94224036
94233514
94243948
94264790
94300878
94303313
94315355
94316830
94335877
94347207
94356583
94360535
94382022
94382996
94401526
94438408
94443337
94443897
94445084
94445924
94447174
94452236
94459938
94460655
94464401
94472711
94509853
94512452
94515142
94538758
94559215
94559698
94562787
94566473
94566480
94580135
94586450
94587964
94595851
94635902
94653817
94665360
94692051
94708014
94791435
94795126
94812575
94821927
94825610
94833627
94836343
94847563
94858686
94873820
94887613
94887648
94891530
94896482
94905439
94959662
94965929
94967290
94989990
95000576
95006232
95008583
95009004
95028824
95033733
95046480
95060184
95066557
95067464
95128307
95133323
95140193
95145932
95174965
95201131
95211837
95250101
95253469
95255579
95257857
95267526
95281065
95287838
95291162
95291454
95301165
95303615
95316175
95321325
95326335
95331276
95357593
95389256
95389856
95393291
95410206
95419565
95421417
95426592
95426775
95428381
95437440
95447837
95456643
95458353
95463374
95477297
95488596
95488940
95494213
95495688
95509020
95529172
95576334
95586874
95613940
95628584
95636667
95650063
95660220
95665516
95679670
95687083
95702665
95704187
95736289
95776803
95802426
95813390
95814473
95818673
95833798
95840013
95862591
95863936
95921495
95923099
95924728
95927730
95929705
95931938
95932950
95935531
95938131
95939226
95954992
95962254
95963753
95996558
96016918
96023207
96025298
96025877
96029827
96043413
96058997
96062509
96071105
96084528
96085124
96102290
96105384
96115029
96131343
96133679
96143549
96147719
96152550
96165132
96167747
96168350
96186868
96188593
96199500
96211007
96236078
96239852
96244702
96274645
96276180
96277580
96277720
96282751
96283855
96300615
96301142
96327789
96329113
96350798
96365544
96369278
96373035
96376841
96377901
96379212
96386172
96389400
96396504
96401227
96403579
96410708
96419181
96442641
96453705
96465207
96468134
96472916
96490620
96492032
96506414
96536911
96540858
96550293
96554065
96563683
96581615
96612332
96612908
96627606
96660330
96666125
96689440
96699266
96700262
96718367
96731211
96744105
96744347
96748839
96757799
96767042
96768862
96777695
96777977
96778173
96782239
96794491
96802362
96810905
96818631
96824931
96852713
96875988
96893637
96906132
96907531
96916476
96922722
96929249
96941958
96956037
96961202
96968614
96975439
96979574
96982803
96994816
96994962
97000061
97024514
97041689
97053060
97055473
97056819
97063413
97071650
97072393
97097338
97102509
97121460
97132529
97134810
97134937
97136800
97142436
97148183
97150817
97166835
97167251
97183086
97197257
97201090
97208290
97209340
97218784
97229884
97254021
97256237
97257764
97271075
97274676
97279040
97281269
97297344
97317816
97326523
97329160
97335692
97340268
97351082
97354823
97366229
97403874
97413227
97435714
97436878
97450631
97457989
97460075
97468588
97469074
97470669
97470874
97496381
97509086
97512408
97514690
97528990
97541031
97576499
97591432
97612090
97616158
97633702
97672639
97673140
97691176
97696222
97712767
97715494
97745873
97746120
97749655
97759947
97760127
97761958
97776812
97780379
97793524
97800173
97823582
97828804
97830269
97846820
97888293
97893403
97901954
97905465
97908143
97909801
97910890
97932554
97934154
97948320
97976679
97982699
97987952
97991678
97995147
97998332
98021539
98026049
98029863
98039475
98045598
98047429
98048734
98052652
98061993
98070754
98086656
98098249
98108629
98110769
98111776
98116641
98129919
98130455
98144980
98156235
98158047
98158191
98162175
98182347
98187109
98194296
98197872
98209001
98216714
98218901
98224185
98256914
98266091
98318714
98323759
98324365
98326548
98328124
98328382
98331592
98361756
98363561
98382381
98386195
98407537
98413955
98417477
98423369
98431127
98438902
98439229
98440715
98444069
98458473
98472044
98482796
98502673
98506036
98513375
98516652
98519055
98532515
98550699
98551347
98555061
98575336
98586741
98587980
98588402
98589240
98617926
98619016
98622003
98623799
98636215
98638694
98640134
98653556
98677724
98690886
98711456
98733814
98741986
98743388
98755756
98759307
98767349
98791607
98795622
98797963
98803581
98806222
98812380
98812477
98815803
98818933
98831942
98848110
98873946
98874160
98891397
98896268
98907912
98909937
98910250
98919480
98921461
98941104
98949176
98952205
98954393
98962009
98987297
98992750
98993032
98999970
99001461
99003845
99014170
99017420
99024070
99051759
99055280
99058695
99069612
99086379
99127870
99143648
99165695
99171598
99174197
99180273
99195359
99217774
99227502
99227932
99292768
99293165
99303200
99330642
99344123
99344743
99349065
99376759
99397787
99398974
99399285
99404027
99421284
99438188
99445058
99472117
99476176
99481441
99482090
99484789
99493912
99497286
99548070
99549047
99568524
99570148
99590840
99605532
99627297
99630172
99646170
99652630
99708507
99718827
99719208
99733655
99735331
99751266
99752907
99768107
99768462
99778460
99785319
99796403
99804803
99814230
99825982
99826887
99844566
99860227
99864630
99864687
99902383
99902782
99908746
99915490
99918446
99919745
99923238
99923642
99931777
99940282
99958901
99962876